25985
17812
25846
15474
27030
6013
5816
23834
9751
28621
17318
2872
11821
30764
1496
5155
3151
16414
21405
8552
27734
1087
18797
31728
4810
32246
17479
28746
16337
5407
31665
18097
5962
2864
20474
18468
15426
18849
382
22224
4814
17903
21955
4121
11594
7229
18632
7748
13099
19634
19430
24990
14277
17202
5264
28615
23863
2972
1499
11280
1049
24575
31923
2380
2001
22329
26678
28034
12903
4861
8171
12769
11195
15460
13844
20354
9438
9058
5875
15916
3171
18787
14031
17869
12986
14632
29714
1947
30511
5096
9582
18770
23393
516
19114
28577
22905
10395
9677
6319
21823
5998
29291
18921
8919
29882
29014
23316
26230
7934
4456
28272
28880
6492
17947
26994
18222
24256
29788
4218
23037
10201
16632
29102
632
16501
25371
4842
19319
27623
23962
24217
8444
25294
15482
16650
16196
18620
15361
21768
11995
17870
6662
8982
8980
13339
23307
7481
1702
17276
25322
21623
12436
7276
32470
10191
10019
17160
10665
24442
9865
24785
24338
29639
14898
7878
1180
20940
11000
20246
12322
13466
18489
9181
9143
23465
26702
27853
21752
19917
23922
14490
29413
25382
21508
22520
8795
761
11660
12675
23108
20922
24873
29757
13385
4978
10779
15086
8175
21363
21926
9025
8988
27770
19919
24266
32184
27326
1173
9186
7663
28848
22562
29608
8915
31285
30923
10700
28040
14324
30578
22040
23066
23470
10066
4030
6237
6381
5986
32586
15415
1336
27089
3040
13415
1759
3698
29994
25416
7316
9793
18536
15176
1145
10018
13123
311
4258
30259
14022
20845
8161
9806
28886
4550
25282
26042
10357
25594
17489
4656
9184
23698
13119
2663
27628
17033
2828
12641
31512
5459
7589
18120
27997
18095
10579
10632
20068
17178
15436
30346
29007
3360
13356
9601
29770
19004
17448
4569
7773
2886
25379
23291
19966
28102
13879
11010
22720
25000
25972
3038
27114
4228
20543
20186
24999
1789
22746
20383
26942
31741
2630
29601
12341
15543
10376
431
9909
17920
25414
32675
20513
31256
21058
19542
31503
8208
16615
2577
17561
11398
21066
26844
8910
20840
13769
25733
32356
21346
28793
14587
28772
1480
23550
23919
27063
1727
1900
27973
17698
3575
32289
6522
21014
8704
28025
13982
28402
30847
5247
8622
27859
3054
23174
14489
30256
2627
17257
30222
27299
28126
5288
8641
6000
27660
19028
31194
26367
21538
1268
18102
25503
17476
30839
6425
25589
9503
16307
26703
25635
25135
11093
11949
19812
26338
31167
4186
18244
1709
9672
17769
16008
22068
20913
27340
13295
13397
26649
4191
1104
1696
20540
15067
28298
15350
23647
22332
15620
21742
9004
32301
15939
19746
6346
26237
3964
14995
17782
17839
8988
17013
10326
21400
24661
29166
21201
10491
10368
6306
28427
18826
1656
24988
15783
2426
23178
28194
11998
9357
18332
29891
27933
20074
26369
28432
14027
17636
5475
12956
32048
27245
31377
14598
15932
16377
19748
26931
15694
12536
316
610
9962
2771
17367
27915
26585
21883
14449
8611
18639
8919
11508
25819
17811
7957
5054
4230
3603
13161
27332
23658
24188
29910
30015
9025
1148
18003
19091
14584
8381
6567
22820
31253
13300
24646
24939
3062
30686
17688
16018
5576
32570
24062
19197
26244
20543
7663
131
24946
5523
28300
27646
28274
2215
10222
17362
16017
16782
6886
24044
6515
31065
15114
15930
26016
1669
21218
16462
22283
7047
7583
4403
24675
12077
9261
12508
12891
26042
11644
31653
6338
25622
28746
18635
31748
32060
20803
27996
31868
29677
11578
27988
14529
1900
8651
5890
12187
29302
26022
18069
15909
4115
21582
25458
15636
8602
7695
32124
19979
21110
1753
20132
11252
15764
4005
21430
27940
31510
16845
5564
8046
30803
5620
2542
13744
15688
30506
30981
23061
5115
11960
8319
6659
19951
30065
7312
563
12010
8831
22980
2064
805
11463
20652
23637
31556
17964
24411
22899
27850
5291
14636
29362
16119
5628
23004
30887
9613
31408
17441
19594
26366
4582
26369
17232
29908
25991
2563
10843
11082
27979
7615
16088
18430
29900
20308
21612
32093
20278
2459
15194
32727
17422
19730
28156
18035
14456
1159
1192
3164
19291
12856
21959
27251
26113
6379
6005
7853
10895
25862
20094
17018
2824
20212
25980
26824
22220
22898
18241
24324
20719
18089
8590
15906
30841
9131
1424
7502
20758
26769
22171
4110
27517
21776
23836
4033
27687
25327
18088
25399
12609
17945
28076
4135
32069
1919
10821
8054
30550
2111
24985
26468
2093
27099
32008
5258
17936
22930
25637
30109
31239
19978
3911
4031
6394
31467
26903
2888
69
13310
26519
17910
3794
12949
5308
30158
3530
26509
26941
27648
6780
15180
7170
9197
13802
14145
30849
18453
3004
24530
13012
18377
30375
6371
30998
21073
31003
22297
1435
31068
5315
25624
27844
7304
19603
29269
802
19316
23997
6906
6360
20855
13425
15896
27200
30990
1020
26707
16927
13789
29769
730
19625
9266
16498
25525
15909
28435
31360
23162
6399
30313
18966
8348
6001
15381
21752
27771
9307
15484
27408
28600
24572
19599
17908
1631
15918
28378
11318
13766
10276
28570
26957
24513
19929
868
17247
10018
5592
20630
14656
13452
10128
2990
29670
13360
10453
26740
9391
8759
3282
15518
15611
27080
18342
5482
26243
8516
19708
10723
19625
15846
18463
5205
2052
23646
6634
9543
10277
23407
32582
28612
30218
10609
8754
7484
10746
29025
22786
28561
26597
8311
17120
25140
21356
3632
31633
3554
21754
31273
10857
2331
30962
15646
9984
12767
2656
25089
23880
27188
12720
14652
18453
12792
610
17285
24280
16065
2872
25040
26247
21445
1239
21949
31218
25401
4944
139
6226
24864
13883
14893
27765
15495
28153
10169
10070
2146
29739
2342
11375
29647
15309
10261
22718
25426
6965
18739
28634
27965
22699
22080
16830
25112
1829
5112
9586
8341
13238
5668
6661
23184
25665
30356
22446
7940
3576
20471
7677
9960
10596
4904
20709
31495
27425
25827
18495
9763
10879
15985
9998
18034
30924
49
6988
27911
17150
15608
32519
18933
11736
13793
7900
30228
1477
2612
4152
26434
1261
24532
6362
12449
14661
27742
29482
11983
17748
873
4904
22422
21636
10038
27772
8987
22346
32487
6004
22807
7038
12526
8957
31212
16320
26099
27202
17524
25479
29997
17523
32079
17459
24718
23168
28512
29933
11437
700
8680
741
4545
16176
11370
21081
20026
26540
1340
18585
25317
26073
1781
14249
16327
23609
3267
30898
18809
21839
1146
28906
24590
19466
24560
5992
19265
25770
3219
6458
15028
28037
30132
6097
16650
14575
12894
12810
26588
10767
12756
9638
30694
25390
24871
10236
6940
24924
20242
378
10980
22631
23285
15105
21846
11230
5737
9296
29182
26210
25029
4143
23148
32163
721
23220
127
23450
16266
10008
18697
27260
29361
3698
16627
32029
14036
30637
18943
18833
25682
20004
14404
31223
15798
23443
31297
7264
17376
24105
8305
8470
8553
24023
696
3756
19180
3769
9555
28814
22301
15759
16900
20607
29330
30791
24854
23828
27203
25566
2286
6041
25729
21938
19664
14924
18550
30491
8900
28646
15547
18835
30993
16511
23504
19392
6748
18166
17373
29633
17108
9371
5089
16913
15552
10257
21560
534
29941
20397
845
15781
18067
6665
19264
186
9399
25704
29683
15472
19034
7282
10305
14623
9556
25391
6546
16902
27584
18143
19708
18008
1483
6842
11327
31350
17849
21520
2900
3129
6554
28898
29252
24768
12286
23082
18596
2083
26028
11864
29743
23245
17788
18754
32372
19001
2807
12236
22672
24303
4607
18201
12256
2401
28634
27985
24739
20993
13105
6070
11373
12327
1671
30323
9473
25917
7880
18388
9405
2321
25661
21282
26117
27405
11717
25799
28857
29054
23702
3954
23061
6761
28958
17882
24671
15111
9804
15950
21920
11351
13906
12951
1214
31463
13904
7922
23416
28088
28305
4348
20228
31132
17558
8308
16442
27008
23257
20188
13556
2734
3956
21508
12274
25927
29083
11343
1520
10620
13132
19491
14600
20731
31699
101
24894
13870
32209
3617
21789
6621
26946
17373
13315
13646
8778
17216
6398
4588
765
32604
12754
32707
32616
4743
24253
16420
4776
16584
16638
28700
29177
27791
30117
29153
12398
3157
6169
25788
9814
22252
7381
3771
18940
26251
28818
9865
22107
23654
227
28850
464
24466
14327
17581
1487
2207
30924
17290
8660
15981
734
23932
351
7999
17695
2662
17653
32385
2953
28357
23948
28548
3501
26693
30599
24538
30069
12367
11352
29228
16505
3349
31410
17535
31866
20117
13940
9677
20395
32738
7348
6217
32654
19491
13795
26799
23039
17191
5488
20184
6900
10219
26754
18067
32689
32141
22232
483
14264
18579
26999
465
13613
24724
9798
21203
8403
3980
22216
30267
10746
18456
22287
27172
24803
11016
28259
13989
16940
15347
26124
12559
26946
9292
20980
22559
7730
16909
21733
31753
26441
767
14801
7864
743
10946
32732
30204
19990
20256
7009
4300
27281
26575
29439
7184
10365
24405
5718
28454
7624
6877
14505
16628
28844
21567
3124
9589
26207
32733
5453
366
29338
14817
23886
12885
17582
8095
31382
7990
14266
20879
25576
15328
302
14687
28855
29317
29254
16888
2497
29816
2105
7416
16772
5888
22044
29098
617
561
24791
13017
14153
4914
9115
5151
6602
8874
26210
2055
27095
24863
8754
28875
15766
5623
15723
20033
25698
19561
14107
16142
7708
9138
25535
24354
7486
29066
7819
1378
12855
14440
31361
28641
31890
141
11217
2364
17240
14252
15166
30438
928
22497
32605
30920
4176
15689
30640
331
6328
28776
20822
24288
15489
29085
3570
5226
4395
16669
27616
15831
23217
20665
7664
3511
25033
3690
7130
17209
10800
17031
15469
11269
3482
4952
3460
9939
14953
25737
26175
4946
4515
15803
3506
19080
17130
701
14826
24761
2262
9650
28790
13677
30206
10970
5911
2522
7162
4744
25963
19800
15252
29408
28082
6077
30447
9845
4353
8760
12229
24671
8837
2321
30894
10472
6495
20271
32196
9151
31644
16350
21660
26471
28776
12973
11027
27187
20879
8404
23330
27779
4172
6361
5703
8686
21616
553
28808
27850
6381
16187
29584
32496
7459
2110
14394
23267
24183
5347
2260
3421
30065
12021
13893
25937
19970
15681
26228
29340
27532
30737
10256
26416
24553
1167
22992
5991
8146
30938
31070
5052
9042
16208
2937
23058
19420
16778
22691
3172
8766
32341
10087
19928
29343
12487
4005
4280
1755
30379
3381
18335
20801
4986
10837
31249
11462
10307
6914
10296
14817
23008
31273
23993
21402
25893
763
5965
269
8002
28331
1418
16393
1746
29896
13163
3309
16284
12886
9758
19446
718
16831
31189
7594
21718
27002
31129
2940
17977
21722
16261
17165
8103
13348
20125
4686
30686
13021
6354
23373
31944
23712
13686
21857
29706
656
27995
9989
21191
23922
21273
9979
9109
28448
8289
5587
2797
8032
25971
27141
2939
27412
24955
14078
29928
18312
20188
17505
7452
8344
6658
2042
31117
19319
4839
12239
15925
3174
11771
7741
14803
28377
28285
22755
30924
31122
2717
17597
19099
12876
1797
26829
14684
4436
4653
27825
23758
12959
9583
31793
14253
30483
6227
7720
13139
19481
30975
29806
28439
21655
26997
4390
2456
16669
18404
15021
2223
28351
10321
31095
30699
6438
18829
8117
14111
29661
7879
19031
2520
20645
32743
27965
8897
13387
16733
4863
20275
16182
3239
3386
4489
26974
25842
7040
14079
19351
6674
30567
19419
3084
24596
7686
15753
6366
5996
25733
7255
16111
28304
18909
5104
18421
26423
3202
20421
21976
5490
13235
19698
19750
14202
24078
31698
762
28557
4689
14304
7517
22332
28535
16187
30706
19461
19977
10774
21738
18271
30341
6517
20499
3185
20433
23994
23119
26247
31875
21044
31606
10281
8165
52
20879
29447
1900
15559
7520
4048
13693
12188
14818
21160
3318
6166
30901
15594
12345
10106
17633
7765
19524
25392
7329
8596
8680
17035
14405
6425
3854
4466
13936
28068
23627
15980
7589
12557
32707
23027
21931
31397
22222
671
11623
1966
13701
30829
19505
28395
23863
20818
3388
5611
21317
10381
12263
2536
4443
13681
25438
16643
10691
26476
3057
9547
2180
1161
3935
13887
10292
31202
2171
31687
26488
14916
10810
21220
32636
57
1241
9951
30883
10528
9187
26435
10994
29746
7788
13551
363
11433
27480
24076
17269
26085
19947
14067
9733
22396
4870
17240
11330
10246
30428
12984
21828
11489
16346
18489
387
25898
24923
18298
20213
30728
2934
28740
1756
3862
29446
19990
24690
27434
14942
7203
8270
29346
27585
18720
14419
889
6736
14514
9941
30939
18865
5886
28018
1776
4917
25220
29247
3161
7323
6024
23733
31349
19761
11967
22112
5818
14488
6804
4845
22163
12587
3186
2248
8385
18221
14272
11777
19649
23828
19207
25736
4851
23806
21980
6156
5979
21844
9572
12206
2798
29674
15222
23018
20064
25245
11798
28155
11712
4199
7538
2384
20654
30218
12060
7151
10548
32489
29614
28478
