8643
3046
17354
7511
2921
26035
10401
30355
28878
31857
10755
5687
10026
17874
31162
7259
15145
26347
19488
19035
5081
8377
14240
19593
17426
29085
20841
19789
20394
30342
7004
21802
13684
25446
28771
2819
21174
14927
24968
21039
13974
12873
9740
25449
1520
4564
25690
30343
6962
21358
26188
26563
3701
15302
31120
18465
15998
29493
31797
23488
21132
31513
10706
12769
22593
32521
4567
20052
25191
17644
12305
28580
17288
15547
5369
23771
3991
23209
19855
5268
23433
14057
20375
6534
28192
19010
20545
20882
7446
19391
26076
30689
436
27994
32183
12745
26310
528
10134
1739
25159
19768
14456
16341
23312
7782
13512
7100
7437
24535
27301
29982
15277
10904
3425
1148
10460
24020
31828
1275
21220
29704
4029
13703
20901
17753
589
29146
8325
28125
32252
6265
4711
11130
1996
4714
12096
17731
17787
29992
26025
4445
20311
29488
12881
29120
28647
3136
28980
7268
8325
19995
25812
22092
27491
5794
3976
7008
23526
18749
5406
13941
15768
21821
23116
6039
2071
25751
4894
336
13920
19187
12313
25868
22018
30848
6535
6381
20994
11099
19691
29561
28203
31590
13349
17539
1441
25864
13520
2825
8308
7594
22924
9512
31234
13352
8701
5568
22240
2165
6999
12133
2476
16787
8426
25653
29893
28881
28469
32480
18550
29986
25137
4696
21166
11897
97
1358
29792
19560
13811
12941
11962
3294
21247
13097
26848
25413
31838
6622
15913
13312
20823
13979
26026
15300
31141
22545
22927
23870
6546
24634
5514
17458
6246
22393
19580
18368
19099
6648
28351
12340
24689
7789
16266
23794
5819
27809
29890
29095
10561
23754
5995
32717
29500
15911
26062
21018
4875
18361
20236
27182
29406
4577
18915
12799
11404
19170
25050
152
11529
9058
27393
5747
32335
10943
31137
4738
2732
26109
4440
27745
1475
32146
7632
22228
3559
19211
18919
22878
19422
25379
10408
10654
9612
14752
14755
15870
6568
15965
1979
26719
9904
8174
28800
20550
26464
1183
1880
7919
15413
19222
32238
30919
219
20593
2627
17151
28802
20684
25781
9240
15785
17144
4073
6669
24336
17967
23133
21751
14654
6430
16625
5287
14613
30548
30221
28908
14013
550
8042
8097
6037
29472
8041
13396
7728
2130
13311
22432
12600
14132
23
12564
20396
11538
10467
24982
22004
22506
2639
31598
4476
3198
4126
11489
29367
13354
18672
12471
2581
28012
20806
9640
4560
16875
1497
2947
12605
7795
11865
23032
23989
6083
26499
23697
23499
5620
9591
20219
8794
5868
7268
8035
30350
10153
311
30860
2902
4430
27555
29872
13632
12583
14930
1817
3981
29314
15313
22685
1816
11514
24814
6750
28705
21818
6122
5700
21058
10781
14100
5010
3647
5538
13531
9131
9057
17498
23779
24073
32375
27591
5721
24686
18557
6090
16137
28579
15780
22798
20180
4461
23360
12282
24205
562
11661
21995
19175
14886
3477
22935
24849
32190
31137
21897
18281
29799
1757
17881
6227
12476
8984
30333
14494
6205
13096
7569
8355
24425
22333
12104
31013
12277
9676
28298
13539
22083
13793
29953
20877
13348
15892
18235
4483
26464
11706
11958
11212
29055
26461
31322
18843
4243
25440
9909
22272
13184
16470
24659
31015
24762
22604
28156
21251
30829
6395
13921
9005
14010
30085
14667
27425
16203
15149
32445
29550
7673
30295
23319
19828
5812
26702
3568
17848
10642
11661
19504
6945
28146
28489
18099
31843
6719
5427
4920
30414
10828
7595
30995
14290
28959
29490
14024
4659
25041
9632
25067
11211
4177
12823
19216
17383
7832
6904
15628
1784
29190
15816
28409
14131
32136
4471
22204
8528
15146
17717
14475
27442
13860
32294
21219
11795
1321
2984
20098
22397
7208
1775
25131
18766
28885
30372
8773
14124
30397
27869
15037
16213
32284
7100
2149
31972
11609
4497
18572
26382
26832
30109
27418
31395
5605
5160
25600
31612
13260
8581
25156
29500
28815
21652
19840
20070
19368
27211
24304
1692
16675
19690
18468
24302
3025
30810
3845
3929
6756
26420
8608
4649
6696
5754
23083
31521
17514
11478
28756
32525
27094
15746
1315
11309
27634
8017
20420
26119
3031
5054
8460
25527
30982
30206
20366
22051
1272
6808
18154
1136
6316
7788
8569
21927
21565
9386
15353
18228
3843
12254
18530
13984
11068
21694
14190
8873
31583
17494
32557
9610
7635
29884
11878
21281
12122
3175
20889
28964
25077
13198
29398
21692
31106
27915
30587
22350
22929
11289
7428
20982
26214
27251
14310
24636
9997
10321
17751
18045
22231
1905
26312
2510
27276
8421
19613
18928
23680
15147
22104
7971
6980
19892
27489
7940
7292
30792
3130
13500
8177
19615
346
9936
1768
25436
4588
27715
14884
22025
2417
10739
32713
26818
4629
15857
23506
9365
16509
14270
12495
9041
19696
5800
1091
14679
12176
6297
27733
7445
25901
26058
21203
24892
22559
19064
7848
16318
4713
29742
32091
12360
25354
14824
7939
7447
10039
14612
13638
693
8171
21521
16074
27270
28057
31957
23613
1137
15997
14105
15898
18969
3946
24598
4949
17259
12564
31879
19223
11255
13476
15573
17676
13183
24102
32297
19129
24720
1751
11250
5838
30468
3560
10683
8082
721
31475
28278
12368
21748
340
22031
24756
3941
26542
19407
13403
9080
631
28093
701
28634
23250
9726
14109
32219
12073
7288
29315
10149
30232
20109
10506
7981
22920
24371
29833
30592
5852
22785
31427
31195
30474
9872
14925
18751
30830
24202
942
5313
7826
10336
29104
25415
32188
22207
6961
13752
30153
8591
18596
25123
29814
10959
22308
13428
8476
6120
24760
6724
1808
25592
21616
12354
26165
24592
8616
21013
29214
4813
21313
24640
30686
21320
14409
8083
6005
14003
4663
30369
13114
17525
8598
21882
16821
25932
8371
1577
13251
17533
7652
240
7986
16275
23477
4600
29480
17903
12613
23088
29571
24253
14092
201
3246
12386
16205
14014
18962
5857
24445
31068
12734
17890
11188
8726
7984
32433
14830
28117
26452
26451
19876
24427
8239
12027
11069
26957
4742
11707
5286
16957
23124
28661
18732
21725
15151
29543
8106
1106
23210
26196
20739
18381
14631
32529
17198
2016
14876
20743
6749
21931
249
1403
24353
23135
2920
15656
20871
27440
31260
32761
26854
21882
584
3576
21753
19067
21245
11486
2613
23922
23462
9879
25237
19533
6432
28374
7321
30689
30654
7298
21491
30028
7591
25983
3611
22535
12627
32193
26407
22787
26928
30966
2459
29945
21097
26403
28547
31597
20165
27902
19410
1961
13460
20455
21926
17830
14744
24291
26732
25026
29735
10591
7964
31248
18875
32355
8223
9622
19032
4851
8039
20570
25095
3496
30755
16868
16968
16892
16187
14184
20248
17539
31223
3725
8648
9072
10566
22807
1685
320
25468
23603
24076
246
19072
18239
21513
7048
28468
21246
25933
11149
331
15957
25127
7815
12599
1039
25597
11830
15395
14480
5309
10939
13644
4118
28128
27144
3850
1056
20009
29108
4260
29658
29216
14486
6375
7212
263
13706
19959
24909
14449
1488
30091
17799
18288
22706
7786
8333
25228
25889
6184
7049
8140
22588
25821
19267
4025
26846
29020
20387
19452
16649
21813
25261
30638
13781
6158
6257
1765
19620
7642
8917
16932
22008
8111
13263
1351
4367
22376
18091
8277
13262
25024
8304
1994
12021
2764
29535
13128
16252
22554
17206
13741
32005
4471
21231
2555
3898
14775
32454
26589
29408
18591
4112
28905
23211
32675
7816
20970
17297
31154
30634
19863
8985
1661
10927
25426
8506
13565
2
12009
13327
6312
9448
18336
29532
9574
3450
19983
9301
22170
17091
4895
28662
12192
30896
17578
30508
7836
6114
26099
28041
6033
28434
9322
5282
18160
11072
13367
31765
16616
7081
23404
30520
20884
31476
10315
26714
12375
27985
22684
17922
21594
32471
13623
1336
13117
15445
6038
30149
25753
26610
23734
7178
2067
4528
16436
1263
367
2607
13933
27637
135
14065
26491
27305
28460
10781
10624
12952
7277
19049
9620
27722
27149
13794
2318
19909
19898
29759
11922
7474
24746
32006
17068
23010
20110
32560
21448
1972
9128
4494
7388
2061
11807
3724
32045
217
4095
13105
6381
6819
28499
17976
15000
928
7915
24703
13329
7250
17535
11954
31703
30966
18350
2491
27201
13768
5929
32629
20133
9529
26600
720
8614
19314
15164
24430
23387
32721
9471
18763
16347
12873
15694
29795
653
21006
22437
5140
16127
14874
23013
15802
15159
3669
11817
1397
3403
31599
9364
5901
22466
26142
18149
19382
13838
13227
32007
30017
27223
5002
31752
17156
9889
19860
13427
29609
16895
9163
7171
15871
950
3929
25870
25042
30052
28856
11373
26443
11650
8682
8357
30786
1783
21027
18050
26828
4551
21551
6517
23305
18906
4798
12905
19664
14557
1734
26460
27568
14659
31883
14040
20899
17966
28880
1825
12031
25741
5779
31049
8923
2469
2012
20033
23903
9732
11482
6128
12586
14266
11038
12942
32340
30496
24820
1798
10511
7568
12880
10133
27011
1386
484
19181
3917
31219
1445
10983
31253
9268
4622
4479
15440
6739
10841
3973
28506
18948
3067
18583
17996
20592
18161
21960
14218
4270
7713
17098
2671
31728
3631
9392
32342
22511
11503
1415
7893
8302
5476
19644
25445
18852
3610
29833
24524
17539
13173
9890
22406
13291
32244
4308
607
18939
3550
27402
16503
9250
29883
13319
20478
11624
26686
17501
19950
1832
12020
4288
20851
22876
23745
9882
30547
2168
25980
25663
5852
26934
16540
16444
20786
30458
12544
25454
10808
2383
12058
5269
337
6800
18784
25270
32372
11207
10711
32061
20324
28134
22151
5725
25649
1186
4486
29480
16822
13834
3309
4402
26111
1677
25132
30141
10618
4350
21540
15272
28259
31854
30732
1007
29753
21330
4307
18135
15456
5157
14629
8922
27428
13671
17771
23991
15768
24470
22212
4867
5283
27734
31686
4635
18502
18627
23470
21102
12731
21078
9776
12089
14337
21623
14909
24433
22672
2875
30709
13713
16300
2403
29091
30226
13677
24196
15755
17069
27180
19229
14265
20368
25205
31521
19440
326
29329
21890
4297
18295
23759
14160
24860
1773
18952
23599
17403
28117
29894
24186
76
6512
19278
32745
24742
12284
7182
13032
14683
17307
31778
18237
24586
9929
12994
515
2817
28899
3707
25520
22183
494
10769
17654
32034
1551
23814
16517
19318
22186
11391
15356
3011
14412
23918
27746
20668
23853
13769
3579
3946
14325
12310
32741
13457
25042
32450
19431
23080
29924
9554
24619
10124
5582
15576
7436
9022
15175
15813
13641
28276
1899
12279
11745
31342
29874
7946
15209
2663
1148
19756
16997
13054
21571
9036
23769
19567
19840
22998
28505
702
799
21240
25352
29291
20843
22253
6913
1115
31366
25102
30357
19981
13229
16638
5734
2666
14309
17901
9553
7057
9140
10532
8629
6253
18604
8637
271
16669
30805
8533
8307
26465
27283
16853
21533
18180
27134
13685
18775
8248
14285
15888
20039
18642
362
23490
25635
21094
1752
17717
27109
31802
20469
19775
25824
7209
21098
27245
30089
8216
4318
18011
1172
2408
26799
29153
28769
15091
5794
27416
10319
16021
31074
16543
31156
32758
15764
19523
1989
16112
15527
32651
24294
19274
5624
27694
17561
16627
20058
24155
15516
25413
14965
32264
5185
26980
3102
12040
13734
22998
15542
18784
9191
32223
28601
28496
12626
23910
7824
12001
13923
30761
3364
15235
903
16089
14544
31916
6234
30521
19109
21359
23853
2934
22913
30803
534
12399
12968
31833
7794
6976
9643
8154
27819
17600
5386
25420
13178
4363
991
21205
12282
28500
11307
7151
7265
19595
28437
23701
22285
12330
10672
27094
18132
14573
19757
26535
7707
3267
10568
11586
8277
3205
18667
7
20738
7849
25140
32378
11573
5080
5183
917
20289
18731
14807
24239
5886
8089
24292
26930
11770
21417
7386
2570
23946
16173
1628
5612
10831
10479
12567
15486
25528
31081
13736
6251
778
29491
12100
20754
27640
9389
4096
6123
20625
9689
13228
1780
10189
9037
2549
19023
24506
13049
3226
15745
10173
4955
24365
9952
24529
12988
20830
17777
32589
3893
27096
11136
20593
23432
23117
4384
13596
12239
12296
25974
1467
21567
30134
18388
214
21727
9158
31208
32121
10991
18578
23800
7703
1099
28879
2970
31182
1730
12836
26432
2743
8673
11684
7963
32013
25718
2514
27990
24772
2425
21574
5023
9642
2752
28949
26863
4863
2390
10178
32249
22938
3354
30221
21776
22898
9821
25219
2337
29237
4751
16727
30971
22330
16959
23696
26631
2851
5121
19087
10234
28071
20040
4948
1124
14500
20297
27238
7306
25700
18296
26995
7566
1139
19493
6315
13142
19670
30943
30846
26766
27326
24788
329
24397
11537
10852
22090
3189
27807
27980
9832
6690
16866
26478
9055
27552
24099
3882
15377
24765
15761
22750
17249
8087
925
25647
30071
11994
30316
32180
16151
7406
28972
1771
17106
12252
27532
497
30119
23653
31851
23123
15631
31285
8310
4357
7854
21909
15594
1144
3709
2246
4844
541
20626
2914
5473
12295
2733
16606
4955
2592
20950
9381
32400
8130
3813
9830
10308
10920
4399
20092
28314
3946
24701
21107
24579
70
1014
27810
19837
9973
4995
6512
23909
30200
16129
27313
24
27417
29220
2281
26791
890
26382
7374
19426
21694
14673
2460
27804
31771
29674
1669
25027
20295
17731
23998
15298
28745
19036
6050
26503
10639
16367
17744
24535
18023
7912
29266
32432
20088
19214
22041
21086
3643
4353
4627
15544
28306
8193
2489
21666
2411
12384
30981
10608
27304
22829
17913
6637
3809
14233
26790
555
22490
18955
8031
24755
18982
7632
4102
4543
25723
13861
7495
29188
24076
12875
5305
12979
5212
22324
10105
4440
12516
13467
3036
29958
13715
19152
21821
7454
22818
30114
12541
10075
20972
20279
19063
19111
2591
11731
25152
11342
13022
32269
26643
15986
7940
27866
19781
30147
8746
20752
1910
20799
28808
13448
1347
29618
10013
3777
29482
3839
29264
7225
31534
17532
3388
23119
14707
18477
28440
25930
26856
19841
29837
8120
14547
22950
7459
4720
29925
5990
16712
20093
16069
13924
32519
9075
5725
3561
13342
18719
13412
4312
24847
16520
5650
17635
2706
8909
28009
28546
9112
6850
22551
24300
9456
630
17808
20245
13455
5557
1377
3070
30263
25401
12618
17136
30679
4663
15149
9573
22798
24501
32553
8476
19124
24845
18079
19627
18428
25109
3091
19191
10145
781
22960
10590
24191
22037
13302
24057
31280
3355
10585
14760
28652
1282
30821
7948
12147
24528
10536
3151
1661
15600
14353
22470
8180
24819
10533
26718
28041
28099
75
16805
4489
32022
16135
424
14158
16327
15810
1396
9469
13769
24716
16249
13691
27311
2020
17504
19178
8748
11252
23791
32235
13926
10362
28768
29929
12136
13046
17552
5335
22780
1136
29632
11849
24720
7273
11251
20642
25301
5955
31118
13426
7711
17841
13500
26883
10075
31594
21954
10666
22781
22310
21327
2358
29329
7371
4983
10458
21878
4692
13372
4348
31591
26998
16776
14702
8032
30662
17993
31262
4834
32130
25589
9163
9779
26599
27385
21639
32035
13204
17032
20602
3597
4643
16911
24845
24533
32535
7257
18355
23318
29869
32535
28618
27319
4020
31445
5042
15145
20506
32568
24717
3468
29642
21433
9721
22535
3661
24058
7521
10194
27762
1926
21531
27018
23074
5624
2553
24916
18545
20802
9923
21261
16774
7967
26146
16646
2097
8471
20204
13801
31673
23839
23517
7771
9084
21817
2505
11464
16831
18914
460
9397
23345
7403
27911
26327
17925
21875
6480
14242
2405
27854
16985
21154
9861
27689
2498
4382
18080
19942
10256
8491
8454
26198
4647
11467
6563
30052
14543
6183
17500
17559
25232
20015
16681
18873
26593
4789
10483
2764
19601
6529
8969
13032
466
13658
4537
11298
8392
25740
7125
19854
21459
24856
32016
9735
2030
29661
12935
4171
4163
7171
15540
30921
20613
8501
8568
12771
8848
31031
22639
19419
9947
3846
14815
14999
14317
27030
14928
2314
18086
14923
6883
8144
22893
25054
18803
2081
32299
4484
22202
17397
15323
11891
11110
126
6658
4321
5534
22931
1485
2620
29422
25729
15909
4241
26974
31369
9721
7021
13457
6377
21325
3628
25997
2949
3528
26451
4110
575
30837
28853
25035
29351
30972
23989
592
20502
695
20396
747
24052
6113
18598
12719
11181
7048
2683
9876
31838
48
6443
26944
15958
20396
1501
19215
27008
17775
14165
13726
24792
1297
11000
19833
8696
5736
16662
22175
13683
18148
22233
20116
10983
14981
5069
20479
21780
12827
22619
18595
8384
15475
4854
18366
31681
13817
29579
2332
15226
18182
22394
11937
12929
7999
29631
20277
27758
31549
11329
4782
31960
31943
27142
28274
5061
18999
11472
17622
11856
8235
21824
25522
1913
416
26616
26240
21739
13916
20501
11414
3144
25852
1972
31245
20806
22477
13611
3354
18218
19389
29624
15417
1482
8033
3781
28027
21222
590
22496
18664
32017
1223
15175
25728
3714
16166
29395
7754
899
13304
4194
25031
29582
4971
2116
1945
23037
5167
30892
7738
25107
19383
7090
29871
13312
22080
26161
3818
26574
11890
13950
16159
8087
28650
16897
5375
27866
16209
14108
11856
23319
32558
4472
15917
10241
16246
26514
8792
22845
6351
9759
26533
30313
1312
15826
21314
28169
1683
23762
11053
26074
27892
20358
3425
20996
23826
18667
3555
15848
14599
2159
23261
27772
13960
11245
1407
5913
11408
22247
23448
15732
30340
21176
21916
26892
21689
5394
631
10750
27235
5602
11026
15264
32716
5866
5057
9852
4002
31180
18796
22863
15776
28381
10555
4834
16234
5480
3131
4210
7825
25062
13979
27920
140
17370
16378
31049
10730
12575
553
21743
25164
19912
17636
28123
9478
16417
21521
23293
32660
31702
19394
31767
24196
1806
222
23792
11734
29309
16915
28560
280
23193
19402
20835
22407
10879
29994
17929
21822
28098
21379
12191
1562
29920
2799
16836
15979
11147
7506
27848
25865
20245
8617
26403
27082
30362
14313
5648
9117
2034
18872
28511
10126
15763
29887
30557
16138
28030
7912
24257
17352
4026
6554
12669
999
17452
12910
24586
23331
1000
4275
16815
24768
6560
6151
19050
8571
17412
23395
26015
16686
16428
15175
104
29871
12799
16689
25123
23750
14853
31005
3409
7813
29894
5042
26829
2565
20279
23345
1466
31612
3645
32455
11589
23657
17481
17847
28030
11226
4602
8797
9184
21470
24202
30501
17850
15402
6040
53
32497
20715
17406
13606
3308
1592
14931
14751
17905
6798
29689
16712
12951
11631
28888
16370
3493
7860
25811
17409
19157
32334
473
10511
18612
15642
23222
10106
12037
13536
28274
21898
26632
23760
14771
29732
17987
29515
112
25804
26065
7784
23008
29674
11385
3148
19376
2402
1978
25309
25536
31518
16540
4797
14508
7013
29321
19601
17105
4483
18997
24774
13302
18313
638
28034
20980
18659
18799
18965
4725
5925
15491
5256
6149
14367
18321
26391
7145
3246
18760
17207
13792
2205
24349
15070
25460
25287
22267
7008
12173
15069
17701
20025
17470
16288
28811
15913
20960
4163
30356
5317
21217
9085
10253
23275
17393
5845
23258
30652
11856
5032
5393
13474
16680
19436
32612
2028
22165
9683
31280
15855
17843
17267
30380
13151
2781
1277
16772
28989
22592
22754
31543
25258
8739
14238
1864
14085
5365
20837
17809
3504
19206
3847
6258
30462
24444
11971
17402
16215
27877
13603
29901
7453
23864
22344
28150
30852
30825
412
7494
8771
2186
1672
23508
379
1040
22410
24054
3421
18599
28185
20606
8396
2920
3146
1632
24078
29599
4232
22202
11065
8761
9554
24231
31952
31890
29770
22407
15351
7779
5630
30219
25268
17120
19640
3264
15825
22176
10148
11004
26063
4215
13248
22298
9202
29574
15630
27313
26542
17353
5887
29489
24205
2560
15873
1975
27773
1864
24379
8147
469
31985
29188
22333
27288
31897
23959
27201
1851
9857
7381
32627
13709
32366
11989
3165
4739
7431
21322
3293
13971
21249
13862
32234
28848
8087
2753
22606
435
8549
654
1796
185
24526
9539
13990
26608
19083
2993
19535
4795
32730
23096
4865
15359
6513
12809
17825
23002
3967
4754
3795
20278
19552
27386
10843
16384
6225
489
17047
26223
21994
1110
16894
31501
3596
25723
24300
28251
23111
15329
17679
4455
7568
28304
32127
26827
14130
16138
4179
256
18161
27228
25995
9562
17013
26821
14346
17535
257
5254
24285
24592
3263
12006
23561
22595
6461
24105
23569
26129
21693
32318
4401
15515
32761
7672
23098
10326
4408
15073
8196
18079
14710
10646
26015
19395
6915
7568
3166
16094
6243
19724
21261
23424
23707
31694
5079
13834
22529
9470
8571
8656
900
23327
21547
8832
9051
5272
4504
32257
4535
25373
2251
20746
24600
30512
28829
23630
24848
30777
30391
2743
10810
16038
19757
24942
1926
7690
5686
12246
3856
21262
28094
32457
5917
11670
293
28727
9811
7512
22025
32347
12716
31883
10204
30724
30109
21082
21871
14713
11257
1206
28074
31382
26727
5589
21877
31055
23948
13167
1415
12707
28208
24937
10640
11837
15004
2166
19894
22549
31382
10943
816
3443
10314
15329
19817
22142
4034
14468
26034
9615
28974
11767
22050
16614
25668
7677
29547
28342
20216
16700
28588
6079
21601
20502
17807
20291
21129
13607
7910
2668
2752
32113
25646
15948
6044
19766
2334
22444
18005
30533
25151
10469
2847
652
25042
10933
31180
27266
5711
32559
24323
6529
13399
5297
14706
3806
25364
22755
28069
27035
14295
24093
19409
31055
28277
28885
16877
18745
27427
4847
32096
25269
24727
32279
13167
9249
23046
28553
3059
21277
31891
30555
18631
27931
16779
4810
1363
28008
29613
26352
2004
29571
27737
19880
25158
16002
19019
936
6621
15847
1944
27725
28341
13533
4129
9947
1666
15870
21290
10850
30881
30101
3345
30682
18346
17241
30972
22726
17129
4377
2822
27086
9233
28181
22917
31536
16764
31441
12857
19661
1779
11650
15588
17993
25141
1326
25422
20370
12234
5639
12210
20896
19115
26103
23994
8061
553
16654
5469
13334
22520
6638
13045
21196
6394
13223
7701
5337
16919
29604
4661
32166
23592
8323
681
12214
32653
164
11047
338
30816
13411
1205
17866
14820
19230
30083
26594
25191
13549
26813
9431
26316
24390
21907
17878
1977
14283
13901
12524
23559
1275
13649
24853
670
13859
21769
30332
9377
7360
13295
8361
7312
10343
13780
14987
21080
14929
1220
1252
27986
1844
25542
23122
8064
27636
9960
7297
22826
2800
18803
8079
16190
3997
8864
6649
27297
31751
16829
12868
6474
19454
12818
24139
11667
10138
2329
13178
6734
12225
4436
4817
2242
32724
30764
3754
18782
30741
17685
12521
5116
18226
22133
25448
15620
12538
10094
17677
4880
12889
32311
30395
22883
6474
1265
102
11146
17998
31797
12603
1813
2316
17095
1414
24643
9471
2001
9273
10896
32179
18434
5652
1590
26284
15545
11900
17217
8984
32715
16479
9144
15224
7876
1992
2612
21272
27194
15073
11138
27903
32391
19499
30909
29067
9422
29327
23512
18805
29001
15773
23432
3566
6931
307
10922
27471
12102
12886
6479
24460
23426
16615
235
15073
13520
6847
14132
27924
22846
27030
28643
30010
986
29132
554
7694
17018
29074
13579
17012
26224
14312
442
380
2750
15718
8009
18961
9131
20531
4843
28680
22766
22130
32023
11896
4678
22888
31501
8838
6669
25609
23949
31481
15655
12899
17971
25850
19320
23324
6335
2419
12657
15038
18228
22404
20347
26758
29940
19453
17951
12223
4109
26167
3336
129
6831
16339
31813
9639
6881
49
1257
11704
22748
6709
6792
10233
20887
28254
19311
12692
10700
2704
14550
32361
10617
26211
22693
13643
26224
6167
16694
23959
17664
28957
7240
28992
18306
25005
10397
5410
20082
15941
28820
1224
2029
12357
2163
4332
3458
8886
31481
20471
29918
10257
6463
6224
30482
21764
20071
25381
3945
14644
19799
20984
24802
8285
12256
3480
748
4885
27247
15837
20964
30007
25598
26296
8566
25947
12592
3844
4485
16029
24474
26020
15176
18742
23492
29643
5290
18591
21802
7734
4324
8797
27803
13000
782
13673
1518
5128
4176
10943
10723
27485
18630
23656
1949
20820
14394
17812
22501
21977
29875
5081
32376
22666
24023
27691
11131
22194
1708
29215
22122
2067
17051
27555
16257
25300
24355
2654
22745
13540
12436
1886
22529
9061
24781
10928
22398
3533
28468
541
12615
30814
9162
30109
5294
25898
7214
5045
7308
12050
19844
6427
28992
29245
9152
25550
21263
32637
5340
31199
22623
4565
11458
27368
8394
5507
10830
726
29287
4174
9996
26434
5886
24668
24425
12040
23092
1551
2840
19949
14582
1047
30014
11831
17238
24929
28409
9467
28211
5695
26436
20424
27841
20642
13690
1576
19643
30466
16335
31438
24371
352
7479
27076
9118
17609
15546
9513
18221
21056
26570
29792
23313
22255
13607
25177
5789
29337
22874
12120
11217
31825
5660
754
24042
2017
5067
18927
29013
9814
24413
21446
32646
8453
11709
23181
13723
4805
928
17118
17337
20151
13430
12496
21119
32291
6426
21064
22478
26027
4583
30433
2351
10314
2546
8152
2555
12495
20280
20296
2083
17218
29245
11378
22394
26541
31329
3332
24263
3146
16302
19598
2448
21138
23580
9333
7310
20278
10618
18151
1957
3598
28601
4282
17807
934
15946
4186
28110
21339
14659
10680
31698
3397
8825
18338
13802
26709
11048
15536
12438
12493
30315
30596
8356
18540
6381
9144
15657
11315
4138
26084
16744
30064
32354
28653
7136
6525
18652
27648
1492
31560
7817
20619
17697
4574
27473
23531
11289
16507
13126
24096
7470
3272
13719
7680
7634
26778
12768
18634
9155
12241
844
4919
17457
29623
10158
14291
14413
29721
4598
26513
19527
2971
7785
2047
1531
3234
28516
21624
6527
16197
593
18439
17727
15949
25274
17565
3402
31233
21603
29647
30904
938
18928
9470
24470
16287
32045
15662
28314
18482
3831
708
19125
20262
30652
11111
25365
28944
6262
17065
18698
12964
30732
27653
20538
22937
32212
8199
13666
21551
4807
19692
2241
746
25723
8752
14680
498
31065
31908
3759
2247
3736
11307
21411
17611
4982
7906
16007
5731
470
13663
24767
3313
18718
277
21179
7907
5570
4934
30115
20950
3159
25474
5778
14838
12519
11190
254
6774
27159
25534
6007
17314
14974
6421
15055
14717
29115
31878
2924
1579
28688
22616
9186
26863
26549
8489
16317
21192
29645
7092
27013
28832
28492
5399
8102
10210
1680
7880
29783
6732
26403
17948
4274
23254
30480
30496
32464
1114
27396
25780
83
26622
30620
8391
997
29355
4285
26995
32741
27115
17960
28852
32408
23511
10489
6157
15617
9819
10346
26893
5751
20316
28091
15134
28233
26039
9614
13388
18571
19991
5276
26783
20662
26705
31083
16968
18693
25290
20970
28604
11706
23039
5473
7308
13045
23434
4710
5835
11923
28673
7830
25430
21084
25758
7449
7749
23321
23576
10550
5298
22018
11684
24673
8396
29518
30997
16620
31214
373
1807
30954
18691
16239
32281
19444
11781
12530
6619
7889
14226
25617
4103
22318
18074
26478
2315
6401
17680
4575
2790
28760
21824
12923
24919
28007
4003
23336
945
16145
31395
30084
13052
22066
28485
13791
30629
17984
3112
25195
4201
3345
11627
26603
30236
20541
2131
22148
13442
31888
18578
12537
9196
10806
25089
15986
19588
31993
26659
13167
17018
29737
3410
18534
5980
26182
13386
1057
7090
15682
4297
23779
9008
23389
10228
1821
29437
2249
28887
32750
7371
17813
3170
13007
24166
419
3511
30365
5827
24932
1699
14249
30310
17728
17612
10851
14406
20718
18808
11942
18782
27951
6327
12327
31649
8177
2768
9383
31110
19356
25568
3498
30348
25217
7784
27708
11155
11890
23528
31501
27399
5928
6541
12937
4953
16043
13217
18853
13383
6845
18951
14171
9226
30488
21274
7242
3304
29408
16241
13289
19573
14189
3065
6436
8084
15326
28004
7240
9104
18198
1360
16144
4544
24048
30236
5598
7499
22877
14741
12708
10890
27458
12218
6457
19437
6284
9475
23048
27979
5812
26273
18108
706
27528
29669
16901
31436
29016
11920
30402
28034
32592
10192
28780
17750
23741
14114
9814
11705
24182
1591
7042
13291
2933
23890
977
6122
27384
9
12069
12115
20333
21179
30666
26244
26805
17642
1334
31028
5014
1774
14495
27715
15513
14170
12282
11918
9258
5215
10053
1487
28164
16184
27381
27721
21872
27064
201
30301
32159
10980
30242
31182
12982
6261
14929
15347
30697
31842
29068
10896
13052
17865
17276
15080
6809
19867
14670
1278
25294
29808
7211
8286
6170
24990
10607
4652
6271
9405
27046
3195
10628
25658
1953
22202
16779
5996
16905
31494
29226
23032
28829
24518
2238
32012
30282
31000
26193
8365
32580
14570
9661
3599
30025
20980
24993
1093
2407
19663
1304
27205
31252
13091
2446
20272
20025
5281
4241
29423
11080
24901
8973
8144
17541
29792
30536
32078
22030
17442
9991
32524
27105
9766
24953
3105
28852
13967
29288
28999
32727
1886
14741
11079
23044
24293
21287
29936
21955
27468
19353
20492
3538
25461
25390
15107
25852
9821
10916
25617
32029
12841
7290
27995
16690
2392
24516
20723
25044
19015
2696
31328
32066
27860
12909
10581
18546
18476
13067
30374
22146
16494
31465
5403
13612
25467
17901
8563
30027
2951
20175
29751
10804
29537
32480
18960
18556
441
21252
27009
4196
9455
9305
7955
14639
23124
4940
28628
32539
7058
22227
24314
11108
9146
7343
7049
25314
17768
30764
24863
28094
26251
22958
18061
6348
26381
10158
20386
7448
28612
16768
13075
8772
188
11467
7892
3651
891
24055
15006
10878
32162
284
7318
21981
20107
21173
21008
13701
8073
8247
6486
28169
2280
10549
3464
26255
26040
18364
18945
24726
12194
10876
4943
31599
10832
16831
16859
7370
3805
25114
18600
15192
19809
23250
12592
9639
19078
10278
27640
31969
15014
22029
10899
2430
3483
1762
24094
16629
3112
30043
11833
18284
6149
4710
10861
10296
22106
23825
12580
1892
8147
22306
16585
18518
10272
15114
30562
28615
13689
10112
616
18022
21709
16581
29079
4234
31020
13575
22388
11447
8734
26030
17236
25488
18528
27417
28173
4038
32014
25794
27169
27173
13552
15788
7713
32577
18348
29285
25656
9946
16312
13724
15654
29844
7643
12380
32297
15711
16720
18394
174
24185
29983
20141
26054
31804
25227
17555
26987
6392
17611
11257
22055
26917
2878
15890
925
8310
14747
2437
14475
7649
5481
31685
5689
22873
23721
5116
17655
13896
12789
5407
9075
2906
32036
27151
2026
7664
19861
31592
26661
6180
6167
18176
9448
19626
29338
15872
31317
14101
4748
29138
27948
23161
2305
25185
1567
24839
30187
29664
28641
7822
2779
22551
20392
18705
8253
27302
20867
9452
29712
28975
17807
19654
4639
20055
20486
18575
2061
28339
14985
14046
5778
11695
12677
11214
22553
21365
13330
6178
4243
14017
15646
27540
3258
15328
20890
497
32309
24862
11556
32523
32033
244
190
30215
16386
29332
8370
30961
28889
635
18998
14352
14900
12673
18913
15119
15763
31634
18452
26582
19324
321
8481
1452
13240
14901
31291
28745
26812
10575
26334
25519
2191
5353
31102
2387
4210
20712
31913
1579
16829
13204
13293
8998
18311
5873
5070
11843
20905
28286
21797
15312
1563
23837
13653
2636
4346
8749
26184
29682
5366
5516
29981
22112
12998
11817
24601
22778
1385
16247
22594
8360
14739
28112
24432
14612
32007
11686
23481
26175
2995
4649
12490
6129
21946
13183
32330
18870
3616
29484
17861
11174
25964
17432
26755
9975
13311
16833
5019
10170
29214
15617
814
11381
19608
15558
28801
19201
13017
25878
10802
18140
27783
18289
26651
10058
13441
28824
29596
7352
31899
20228
8598
7412
17066
11425
8321
31429
474
21467
19746
2407
14879
5580
25993
30008
3027
4115
2030
7247
8094
8065
10600
3952
32680
3001
1400
18783
12511
10779
10874
8783
23631
10363
13333
19005
9269
13700
12016
22380
10040
17144
27010
5783
31695
18708
4564
13977
1991
8568
10130
4991
16158
6316
7382
15287
18899
22854
21722
2595
5236
8710
3458
12332
31646
4063
6292
14000
18321
31369
15515
14214
23175
7818
1631
21869
7586
20819
2151
27577
11764
7597
18197
622
2018
8159
29362
10737
32627
11542
23777
29841
16419
22368
29230
4210
9420
3879
13350
29376
5385
3054
19644
3141
9312
1775
11780
95
15984
10703
30042
15218
9469
10027
11242
31663
30501
23092
9506
26475
31171
8460
14290
19759
12246
20553
10118
27393
11833
1566
26205
10856
23158
11286
687
240
15776
17107
16322
3448
25096
18856
9595
19989
26687
28405
12633
196
2520
19276
17913
20693
32565
5736
6078
28256
3200
31350
31518
28134
29665
17908
21440
13971
7505
17960
20058
4379
22099
25289
29250
24527
22261
5422
7521
8211
17144
31167
4218
14838
10632
10433
12541
27264
6525
22802
16193
22581
21362
8507
31598
26036
17622
1338
28999
732
19203
18567
22645
30125
28434
11699
3218
19586
18300
20660
23742
681
21755
15025
24151
15586
30990
28867
202
20274
17501
302
16177
17153
23075
30794
23963
27392
7441
30054
32318
7261
1853
22011
7493
4177
9773
28239
10232
7008
14197
17955
31525
6565
14621
20695
21241
425
17830
17798
19067
10852
29874
29182
17862
18486
28808
2951
2720
7046
27448
19777
14709
8088
7665
28599
17903
10557
9527
31908
6103
26624
26927
23271
1210
2689
23797
25208
32408
28761
7130
2553
25039
27261
7720
25743
17780
23294
28646
9950
27363
29174
23545
6999
1155
7842
14196
26696
11809
13374
20921
26823
21772
8776
9739
18513
14980
3013
26560
21535
28780
25857
23734
13367
19211
28847
11254
20449
16049
27139
22521
10359
25109
2886
3912
13875
20701
3749
28696
20480
22266
32223
17981
2191
24064
5604
16260
13550
31767
12231
95
27044
14594
25784
25886
10691
30686
15508
9655
4756
16604
12808
25506
9529
18482
3205
14962
20042
16924
27991
27401
26346
20512
32717
10219
8041
13663
24414
31593
32363
28075
8067
7701
8854
21003
17987
16079
5817
9643
2264
26421
1727
3922
12329
17542
31393
20347
26630
31964
26170
171
9737
11330
1963
23393
6321
31366
11734
15043
19881
16811
16450
11173
12706
25043
4759
17048
25439
18511
237
27539
24854
29123
2994
18412
9261
20000
21071
32159
20912
32694
6823
16765
1118
1350
24875
28343
28892
17041
16971
396
25860
13569
28239
12516
26501
24264
11955
2197
18919
32369
5691
17644
9341
17322
13722
10872
7161
24297
24662
17412
20864
17156
18995
23996
20587
29875
11799
13172
21168
5357
3954
3920
20478
22613
2469
31434
4914
14720
5735
23125
2158
21983
10784
4307
5359
20255
30995
16601
26717
15177
32068
28550
24963
1302
23356
13484
5479
15578
8900
5130
2419
17960
29493
28106
8021
11489
8203
21187
15631
286
27250
30149
4263
30130
7406
32434
14844
23769
8943
25753
16477
14280
20778
19626
19073
27477
30945
26704
24239
3565
30443
25437
4554
12737
10805
2788
16230
21682
281
31665
13431
28446
7294
12543
10179
28951
29046
15920
14289
21939
31345
15301
16822
4711
32327
15147
14342
12514
16124
338
12268
16603
20948
7152
13975
30612
9142
11858
13302
13014
23641
21100
12553
12676
15277
3118
10105
3024
6435
25944
21286
25997
1491
31583
17707
16970
8047
7807
7962
5358
10123
25933
16765
21460
26903
23518
14140
28699
7782
630
3271
5856
28877
23587
4792
12302
17299
17476
24803
1334
8937
13153
29010
8955
22441
17788
16086
15339
18924
23688
22825
708
28186
8577
26443
6920
6209
4015
19588
7689
28738
4847
695
824
25899
20147
26667
727
27292
16972
18940
24187
13328
27241
15857
29656
21151
5890
31439
1497
7630
29994
4065
30104
17257
20576
17891
15946
30960
31611
23767
23093
5924
17542
26277
24796
2259
12113
20030
658
3945
24211
6330
31643
4763
19697
10292
28901
29309
7157
26414
7642
29398
16128
18324
13888
8250
7497
8320
27716
5565
27371
29131
13269
13362
5111
13654
27483
11384
26929
6887
26116
15192
30198
21647
15076
20775
20561
16909
17808
14624
26019
23931
28070
3279
27621
25735
15866
8094
16315
32625
21182
18627
13088
20740
25367
27784
26307
9529
32359
8506
25193
3987
6386
24257
6635
30031
25773
19609
23785
1310
9428
27886
10369
2553
23942
14803
31213
14761
28113
18258
14077
8511
15928
2716
18698
18337
20489
16208
17229
30180
480
12920
19734
2691
12639
16768
6490
22807
18172
15551
26854
4482
32202
24262
1271
1
13191
28969
17636
20958
30089
16431
11835
32309
16673
19591
14843
31954
24007
16174
32513
12335
24307
18357
7914
32273
31232
1239
24629
9139
8322
25838
3964
27791
10646
21846
28011
12995
17822
25534
252
18232
4881
3422
1369
10707
19159
22111
18528
13094
11374
17262
26233
25601
10106
22744
168
11272
29126
4077
18313
25597
9246
10153
27002
30448
20394
20533
9591
12269
18713
16747
14210
1001
30307
26150
5757
12374
8835
20717
8068
22837
991
7611
5256
19174
17556
30183
18087
20668
20785
27044
16970
18187
20466
9409
5410
17705
5312
8901
25749
30295
9794
27063
11504
28405
4976
6547
24301
20465
28945
27184
30431
31980
31314
1571
991
17799
18325
20037
27660
30008
23791
12442
24210
18582
23496
16478
7774
12096
22277
17081
6899
29534
4237
5402
17302
14719
15627
22743
7823
13954
8959
28396
32720
3364
32157
26236
17943
8831
31367
32186
24793
5719
18906
17411
16288
15553
10694
19102
20322
30044
24973
28896
5596
2092
81
6244
855
6393
15147
30827
21376
4725
18091
17374
366
18376
24136
4593
29604
26826
5755
2794
22524
29812
31075
3814
18791
17328
2281
85
16178
27385
11787
15091
5579
31006
12013
12169
29723
24429
14542
24338
29132
28178
25498
6750
12284
15052
23041
26012
22326
18820
26603
26235
31157
30675
25439
12556
17520
12982
5689
32432
5937
14716
4981
20590
18564
23213
14934
3882
1207
18173
20836
17017
56
1142
29609
18563
20594
3999
4143
1043
27782
13429
21733
1944
22673
15886
13457
30647
5836
4196
10002
16367
7813
31506
20778
28269
25699
83
10607
3506
19482
31821
21991
1473
15667
18396
2472
21386
19778
26173
6531
10691
15194
4134
15462
16551
505
20294
14300
24701
6427
4406
10746
5014
11037
32596
525
4205
7511
31983
24224
16375
2523
9075
10023
24314
25438
11469
242
24688
32444
5234
310
17374
21527
27777
32327
27513
3270
14738
15768
19066
14378
10838
819
13638
16669
21521
21304
3543
21358
28918
8066
6860
11868
24983
28006
26934
3109
14364
4700
6241
19497
8756
11687
26388
16780
21013
28354
27991
24934
29650
12344
14518
10609
21764
29690
27448
27680
3065
21978
29629
17522
28410
20445
6055
4736
6969
15875
2231
1384
29834
6434
4598
23469
21424
3266
12666
20440
27381
29872
26148
25857
26080
6151
9385
11630
26760
771
6026
24071
22015
17467
21296
2940
19679
7625
15558
29809
28378
6560
7382
5393
27578
9294
3255
588
15199
16849
550
31429
26514
939
17139
10923
10842
23599
13826
30143
22168
16493
14251
23164
7478
8550
6731
4483
5119
22097
9244
21879
12153
8613
11977
11176
24208
32431
12210
6519
15568
16621
21695
11197
270
7014
22274
7813
26566
16219
4064
10366
13159
4688
20902
14137
31678
1462
28033
4382
8987
14532
26397
23060
11847
29543
17617
24604
24459
13299
31105
21314
28671
29142
16722
5880
4633
31547
27824
17518
15144
24847
26416
28559
1114
2779
21073
11633
31920
31357
4867
5738
19547
28780
27191
15132
24165
13445
24553
19156
1674
29732
6482
3552
585
28291
6733
19145
21312
10655
17454
20833
9054
14902
15904
7465
17879
3763
18435
11404
25848
7749
10607
16435
22028
21967
23003
3610
7826
15603
24741
11987
13364
21927
26556
18349
28668
9583
9792
31647
11464
32698
19790
4817
233
20948
1789
1449
4633
7172
32080
31166
7133
7763
26153
25786
31321
1454
24548
15790
8576
17809
20038
9742
5100
31063
18003
14803
16735
32266
15222
1853
2616
28490
32180
28144
31847
18492
22346
6171
2606
27218
23397
32688
9227
19458
13492
11847
5236
7479
13306
31859
21414
2008
10735
6679
23887
16480
14981
11429
778
7071
27592
6963
13754
12682
18519
23855
12800
11876
2623
1555
4697
27238
26978
11852
13941
3940
17134
7163
28412
16005
1483
30975
220
11900
13732
928
4919
4471
26520
8456
682
7771
14349
25458
15760
30422
27713
29045
7015
11022
18376
27118
22151
19821
31666
23447
15237
4039
5894
12601
30325
7817
17243
22328
22305
29650
728
860
4049
26694
3698
28826
3000
12480
28186
26288
12855
15753
20797
28635
3120
25522
26922
21410
10297
25646
21656
11799
21507
4627
20795
13167
3330
25438
10508
31901
3114
13822
16242
19751
4802
6150
10015
11349
10102
2264
27260
27324
30020
7649
32553
1442
32469
18167
20327
11439
1927
12446
12330
27847
564
20704
31943
29858
15975
9527
6084
23473
10076
8787
17684
6183
4692
10024
718
14310
4846
30076
24519
26366
27004
3389
21760
31240
7200
28
6078
17319
30335
883
13049
13009
545
9349
15077
29551
17631
24944
28092
3862
28273
23304
26854
4876
664
25230
29862
21656
17989
19115
8085
27301
694
7840
27758
13648
521
22827
4995
22686
12092
26591
9849
17651
16248
1207
17863
5246
30791
1691
15008
1197
32130
29012
23415
30741
30739
30771
16567
22003
16135
28434
6579
32442
6790
23158
27869
28395
1910
30391
742
23665
3719
32009
16152
27441
16565
26497
24068
18640
3704
9613
9357
15812
574
1616
8006
18135
19954
20812
26726
2980
21318
15219
21149
8195
15661
14191
10018
3716
27983
5980
32029
27263
7130
758
3639
20730
24081
2405
11177
15201
13253
23770
24127
990
11487
26787
6320
727
23492
16063
11086
6331
9676
18434
1523
649
9767
4027
4140
26915
6000
11646
18731
12244
572
10374
26958
1948
18557
12296
19250
4050
24269
25621
25277
28614
20190
9856
26965
12856
21787
16452
2382
25985
18319
31175
22772
15522
29849
8574
31142
16412
12927
10233
29523
7029
12945
3252
3217
13694
5885
9533
27589
23498
2323
18288
18704
30110
28552
22642
27334
23758
16523
23874
29152
1664
5272
11333
30892
8426
7310
6370
28513
1354
9552
11278
23493
21863
27077
9149
2536
16861
29131
30368
20393
23286
6926
65
25511
25365
31533
16942
21970
17482
32692
15739
16388
21386
21341
14607
9205
31965
12244
9107
20071
11910
19673
15246
21676
21035
14602
17051
24336
1909
25245
24984
5725
22673
24244
16736
24917
26695
7896
830
19798
28827
2145
9081
849
20675
28623
18888
22694
20401
26437
32282
30436
10415
18724
19318
23492
21307
8486
13516
5604
30937
3623
11645
23479
2258
29163
6269
21008
12925
11212
13074
31671
29394
17307
19472
162
2149
23230
18682
2638
16205
2791
486
28236
9240
14881
8597
24375
8026
17589
11860
26444
19034
6662
3403
23785
3246
23238
1325
130
32684
11327
30518
8010
21519
29540
16703
5264
27569
30242
20590
8023
10411
23318
6941
3171
10735
1691
3607
3860
11024
6293
25562
19990
26278
3539
25464
11619
15434
30700
24874
5716
17010
14945
11951
22172
22395
6563
23198
25628
8568
26753
1556
32620
20603
21501
14375
14476
32310
30459
2381
7153
27753
14826
25067
20883
10159
26731
26270
21420
26566
29918
3761
30846
8663
5815
29605
26091
14787
27479
22698
21491
15819
25948
12607
32170
19676
1421
8622
20279
20693
28776
21721
25035
6792
5054
10225
24106
22629
6395
1183
30574
28281
23446
12577
18919
13941
17310
29486
18285
19639
24300
29933
15830
10543
19036
14659
25332
24487
4682
11207
8244
10105
23477
16878
20454
10666
29233
1659
25873
19830
20864
28855
32517
32091
2250
7990
10686
25326
16641
22047
24302
30226
18542
17800
17349
22571
23574
9289
17242
30062
17317
20529
12066
10908
3782
19418
15258
9371
11203
10433
10196
24819
12346
8802
15357
13493
11189
19618
6026
9749
29322
31643
5337
30087
12765
12480
30681
22583
1629
32528
5905
417
15773
4057
22029
20304
26145
17802
7859
22136
20559
10864
11345
16103
27671
25796
19863
13202
22348
3340
7205
9064
19730
3174
26063
23546
21836
21979
30048
6389
6991
7844
29666
32104
8878
19240
10631
6310
17995
29272
29586
19143
16110
23126
25968
31322
14064
31614
24112
8071
19948
20757
27867
2410
20563
19925
23278
15084
23995
18047
12023
20015
9356
18060
16667
24872
9789
107
15219
17076
6621
6803
576
23429
16181
4075
31022
13815
12319
10778
25987
17760
16640
11136
11637
3319
23027
14710
8926
13498
2925
14275
13258
3353
17603
12923
16804
29635
8665
2130
5036
3227
26751
20947
15968
8898
2345
1742
1142
7015
28284
22133
16377
16368
28499
30447
30712
27090
12224
11761
23254
4951
1352
2058
26012
31948
2966
21161
1111
23449
2418
12394
1834
352
30740
13992
32069
26185
31036
27373
24782
13450
2507
13572
21728
3674
200
27470
25691
16075
15419
29482
7259
32310
5271
13150
21127
15804
1026
20856
9935
20840
5134
2021
21551
5278
6494
18344
17938
3844
29656
13560
15020
6462
22567
18698
29027
14260
20562
9393
13667
13720
5678
24368
16394
22692
9549
7054
26098
16442
6556
8839
24547
32760
9044
31055
29328
4418
24407
32382
49
6377
15485
11911
3409
18603
31014
2500
4146
22042
20061
18280
23974
10427
25395
24798
25111
16759
23327
21115
7580
1500
24178
16179
23986
28058
3296
17690
11908
7683
31611
1970
8126
27539
1880
11412
4905
16605
8877
12664
9828
14307
5387
3693
8241
3572
6346
486
21724
32548
7058
15376
19378
29842
30142
11103
4322
29104
17502
24678
8357
21470
18058
29354
500
23612
23558
27087
25081
2575
16847
2513
30969
4569
31654
20216
31589
26921
24169
30933
26113
21006
22462
15780
1482
19634
8458
1218
3757
16516
4993
29205
24486
10446
22747
21578
17581
11284
16787
13410
7183
31019
17995
4475
9001
18172
8301
17105
6552
14830
19598
25297
7945
20884
23233
24886
12632
28139
22631
27453
15392
4230
22192
6982
11712
11301
1626
22112
9003
7413
21438
3357
3791
3589
17120
4590
6231
18036
13125
243
20823
19080
31045
12578
3459
14373
30010
9404
29919
11785
28091
10737
11214
10782
11897
9888
24869
15116
25923
25863
4171
11922
20017
18231
27771
1694
32708
32087
2686
6574
1382
14542
13065
13045
20769
13492
18558
27296
27698
22212
22555
32202
14491
19898
25601
28496
10922
21409
1759
24067
3108
12461
14699
24029
26242
9319
2334
19358
26077
26176
2756
29831
30512
31623
145
4669
9177
30174
22273
19479
7428
6299
8656
10047
24885
12757
6535
15289
17372
9964
4239
11379
18069
16325
4554
12566
8486
17501
67
6167
26929
14645
12788
30671
25518
9587
17434
12188
5530
7332
17499
30926
10367
29226
31444
32214
12425
16682
16516
8853
7173
3983
18693
32689
17834
15054
15189
26128
20133
192
488
19613
17523
10721
690
10864
11436
15402
6138
2405
15282
4974
13885
23191
25315
15270
13645
10494
22073
3910
12243
26207
24057
29773
9533
15780
9592
3120
24912
9935
23162
2908
14550
30715
14967
9343
1100
21887
18482
6358
17941
18221
14202
22396
12122
836
14501
8629
160
30561
13041
31158
7750
26152
4510
22961
14458
27929
14844
26975
21734
11063
22465
17832
32607
14335
18302
28530
6576
20274
1103
23275
3478
28755
32723
14571
29723
7445
3622
5399
24050
24638
21808
10571
28117
14201
7814
13109
20634
5184
22097
15255
26953
28694
1236
3978
17405
3117
5500
7840
18769
12364
2400
19052
5541
23242
24864
282
2826
8875
20994
11145
12843
16371
14701
14624
5472
25241
22252
32451
10270
1580
2288
31988
3235
28791
3007
4725
6011
30139
247
19159
7128
25843
20250
10105
7912
1994
22701
2492
28349
32714
24750
3861
9607
456
8144
24630
26444
10695
25009
17460
19821
9423
12362
2393
12761
25902
28007
32556
15533
31080
12185
1377
28041
7546
26865
2690
29879
22141
28014
22814
15552
7381
7198
14937
15034
15620
30804
24389
31371
24553
4136
25971
3304
14836
9895
2856
151
23412
13245
13213
6844
24378
9662
1711
2207
11046
6704
29090
31069
21442
11141
7212
14692
26273
27177
28068
9369
27770
6879
19125
17902
14025
28182
1507
4528
3722
15483
28268
11104
11094
15658
27695
7886
11016
4269
23037
28206
30870
9078
3676
15312
6680
3641
3199
406
27567
12910
4112
15024
6797
24616
29450
22070
23556
4030
2828
6274
10422
31903
18127
29395
20674
18939
6975
32110
7436
30454
21424
11796
12841
225
19968
2981
24611
28176
28606
9447
5786
14899
19183
6279
30839
10497
11009
18387
29043
18130
32444
14912
29733
3383
596
20293
28784
29660
1970
8240
28600
22751
7482
9612
3826
778
15679
12927
17733
31378
3771
22466
11165
16565
25279
995
4030
9049
20992
19373
8336
32385
26644
3970
14489
19873
7970
1425
22302
14782
15721
9421
32386
12821
12130
2377
25798
24829
13901
31073
25405
10181
9745
14184
23286
26421
3586
3907
9664
29895
5701
9661
27323
7440
23876
11336
290
5964
3901
28576
12404
1924
19497
15595
506
14259
14715
18869
3736
19494
19875
1903
25361
7613
22163
5414
16493
12813
3739
2340
2849
15384
21849
19603
11634
30841
26548
19696
10138
2305
31842
1127
6654
11136
16604
20147
15341
14482
10099
21087
19080
22950
27256
11343
27801
4120
1551
25099
29460
9154
10891
18422
8813
26529
24928
20994
23296
29845
26717
25003
30040
3071
15997
23955
6706
20891
21805
3361
15281
11391
24181
32155
1544
30851
25828
1240
14660
8292
1597
30772
31546
12033
17750
2508
15541
26011
31756
22490
8045
32489
8987
9523
23098
10831
9405
1167
31821
10662
26781
10680
17523
28561
13840
20895
3963
6476
30082
20196
13037
19508
16387
7372
9586
28900
29076
31379
528
28286
27438
337
19292
19759
20261
27733
6251
5982
9512
25054
8472
32710
4850
6335
16506
26220
12529
26635
57
3914
28349
28981
24903
5278
4553
3710
10389
9782
21356
5839
31866
8476
13748
12921
14352
9301
27669
31962
23100
4205
28471
10777
26841
25867
6516
380
1740
15784
16812
11016
21385
27624
16864
21894
16952
21114
30732
29335
262
25226
22161
5589
5332
15500
5909
19379
8337
24249
20391
31033
30086
22934
16099
5942
2966
5057
17388
27696
27305
5396
26013
22622
15033
7631
11631
8417
15313
27153
26835
2216
13833
28096
7298
12847
8038
31937
7880
28923
28441
3122
30748
26458
14953
23906
26010
21563
27186
19414
6729
13664
12138
11641
23968
18284
27469
11706
25124
702
3276
15882
16696
14514
6594
24508
621
24915
13006
16169
29305
8824
16924
8858
3817
20977
1172
21873
16299
30180
5784
26950
7283
21868
13740
17792
1618
5826
2975
22725
15765
3479
21680
26388
23530
5061
13798
29418
15253
25453
10850
20109
31601
8070
10605
32710
25980
28161
17400
14791
13469
21560
132
14666
15325
30901
26994
23776
3920
14779
6326
26980
22300
30212
31080
13693
27750
3908
31335
14686
18764
15892
23661
25915
13343
16907
21868
17220
23207
19571
19166
29082
23566
13889
30040
5009
20169
10425
1799
19962
24415
1923
11949
28349
14596
7015
1251
15495
20073
14768
23882
12009
20803
5523
32633
13037
15081
18361
151
16651
9159
23837
17826
20960
29522
11587
9400
23332
195
12639
17965
26269
3865
28867
26495
126
12856
23520
3172
1968
18395
23527
15386
27209
22510
11269
24566
24888
16366
30695
27787
12301
29888
9865
19930
18067
2160
8076
15426
151
1933
13761
14195
22469
5908
4689
29729
2040
11875
24689
10426
5943
19700
21348
7845
28481
29020
23173
32720
20195
31752
17299
5006
32215
1318
14358
13940
12179
15366
5679
3489
7547
6096
28714
23861
27702
7200
25431
4740
10875
23528
5949
22545
13253
19293
8510
21058
17028
1415
3063
11727
4746
1457
22455
18539
25118
6860
5908
12199
32511
17355
1317
28745
18305
17242
517
2532
12876
13576
15937
6037
24478
15036
17227
30199
23646
31693
12398
5231
27163
26043
30096
18388
12367
30505
13874
22130
23153
3407
18605
18155
32541
24512
493
31296
30856
2598
16513
9624
6722
3839
20779
18301
23223
16702
29694
26954
6763
15697
26513
26546
9507
8420
19230
12650
22342
26374
23603
27112
3194
4612
27187
18008
15180
27885
2192
10313
22272
4012
24672
27589
6060
20416
14893
31814
16072
8906
19515
17353
31577
2491
11869
30479
12368
22554
3753
32580
18134
378
5752
13389
28321
20203
5415
12015
11004
12908
9408
29809
28423
12989
27102
11014
24998
12014
22477
8139
17595
18656
9984
23660
10546
9504
2871
1220
22945
18296
6560
12539
5192
254
862
26648
11017
2953
31439
14147
3314
7434
13491
22071
12632
2167
17464
19341
20025
1211
10824
5181
28184
26977
13851
20977
16678
19082
23125
23947
30572
26245
8493
30953
8975
14190
5809
29905
3499
9046
8321
30105
3036
13521
4188
30882
650
26804
21124
30755
20809
32089
25789
321
24741
6277
4222
10541
7844
9490
16225
17850
9641
9415
19215
2026
7400
26940
14615
13229
30701
14858
25017
12166
1829
14674
22789
12967
27087
10430
19101
94
9126
31388
26873
25069
6723
20861
24495
25274
27160
16551
8768
21986
15277
5454
13190
20744
7721
31112
5292
29444
3058
3955
22453
28656
14533
8223
18356
32280
8706
27161
10582
20669
14275
18159
14586
9592
122
4916
17914
29226
7724
1334
23419
29819
14268
18823
26115
8403
10993
32267
31365
24244
14288
6842
28875
13520
513
27374
510
24304
5455
4952
27757
18400
18751
22760
13267
30361
7910
18304
122
4994
9414
4022
2097
14752
22452
25325
14940
4084
23774
10890
31109
8677
16185
16562
2128
29642
14961
23210
23306
1275
23914
23177
26880
8906
16661
6026
23570
6387
19863
2901
648
1213
25818
12959
7596
8382
31108
26720
9390
4670
7095
11519
14067
22717
7186
21111
239
32583
25158
23756
5519
4880
3274
18700
15628
8657
4344
266
8624
21166
11846
24039
8486
2090
14261
14451
23886
514
17979
29801
25370
2204
6667
14202
17541
13725
21201
9812
17704
30722
4143
1418
31727
14056
17620
8030
24837
24598
32630
569
18502
14977
6549
5861
221
17510
18435
28629
14079
6863
5346
15750
24240
2527
28053
695
3888
11121
28700
16155
1953
29068
10796
26302
22556
19067
3419
9128
18966
17551
27843
30944
22337
21371
24942
10255
13229
20103
17181
6847
15529
7768
301
14689
19224
8834
30517
30699
13504
1155
29667
10155
32553
14739
27257
8400
18515
697
17012
2108
6719
16669
5820
14822
8981
29135
21147
8200
6249
17000
17006
30312
26076
31380
13068
26483
32466
12130
9975
20649
26687
29306
18495
8914
18740
82
2410
17003
5813
13075
24046
16351
7153
14662
6894
26451
19782
15949
18304
17280
27194
32339
26332
16197
7321
1553
25092
21213
14497
2468
5842
19619
21893
788
28131
15414
6882
16095
18618
19865
20161
15957
11363
25759
25878
26028
8059
6280
18048
24836
26273
17514
5115
13965
23205
20746
3104
30205
7501
9338
18811
5634
104
19515
20371
4745
21766
10859
22418
24691
24974
32058
8603
12442
27961
32011
28010
8077
4429
13895
15828
7764
24417
22995
16149
4354
3827
26125
3027
12088
24930
1877
621
13774
29780
3921
12962
1228
30266
24498
17807
15384
23471
31085
17285
30792
236
19544
433
27909
9710
22604
29165
19231
1353
9814
31450
21314
17213
19183
15646
31072
18616
18815
7773
14509
7690
10284
9566
26877
2312
4630
16508
9224
24440
26604
20002
24240
6393
10314
7680
25867
31745
26572
18156
14455
9869
5137
31044
30265
4769
5730
989
19897
24873
639
4501
6671
1376
4929
22040
15195
21378
30004
13548
23900
32290
30069
30293
27229
17795
19985
26518
19978
24969
22964
25901
14976
14144
4336
6295
16290
28608
10673
4463
15195
1499
29820
25012
1610
25509
22153
5801
19040
29336
28073
15562
28843
20248
30950
10333
8431
734
10238
17938
29900
26964
16076
8697
13268
8947
27161
22152
32487
6253
3479
27248
12142
29234
13741
32588
30231
5589
24556
20037
20318
6252
21954
11865
23236
19548
9850
23186
5402
1350
3628
970
11505
5896
14708
24541
3767
20452
8514
2804
4925
15329
21803
18417
14882
25077
4947
9143
30791
9161
16426
17497
22280
16215
2046
7419
25562
28269
17359
1814
3536
16240
5685
20538
5548
2381
23179
3427
344
11609
17246
5137
14339
26860
17531
13170
16009
16112
6835
31618
12949
31588
32636
3614
16852
17979
321
21479
5126
24968
22251
1833
29585
950
19656
147
7761
13470
7600
29289
29899
29275
6746
17243
17936
29792
28592
30203
30588
19308
10380
14595
29197
25591
8444
29082
6981
9966
7141
19921
20387
21945
20296
6827
23039
10433
4490
18029
18683
6035
21406
19901
14807
22751
4830
13014
25385
23156
1844
15361
22198
8874
28029
10695
21928
18281
16439
30723
31566
28522
21690
3502
16110
17834
31138
32583
8179
30419
7162
8065
22835
14420
11508
12063
12458
16107
29062
18399
2243
5159
17949
24002
8777
24285
17770
6676
24163
14587
19168
16748
22450
24271
20255
26508
26802
1126
694
3106
25978
5062
520
5054
8842
31656
29465
2477
14892
18576
3848
22495
3382
20420
11084
14330
14832
31181
146
29480
31002
19829
6538
30944
18270
311
20644
31720
20804
5585
20850
18696
5570
15922
25224
27005
13443
23517
16817
23945
17404
29110
20800
1837
13765
30792
4547
23029
23128
22371
23573
19736
29884
31908
13973
4238
19234
32168
4621
8732
7562
17058
1751
1710
17146
25792
17620
9620
28525
10123
20335
16902
1763
17084
21637
4796
32079
18532
29867
7800
14034
29447
6701
10127
18438
26492
10998
31744
11274
2853
28492
7240
28206
14006
24291
30347
32140
27313
13117
13148
4591
19023
571
20446
23731
1748
14167
28571
28718
20749
29795
26906
27791
1402
28805
12348
346
4698
3249
19504
30288
5692
18568
30217
22256
9473
5990
14445
5466
23919
15568
18399
20308
5118
373
30713
2517
23417
1213
25211
18697
743
602
15403
3926
27946
32218
4896
29014
16303
12583
12314
18459
23796
15047
29489
2007
20012
17604
12325
1456
5400
7683
28239
19435
717
9444
27552
7399
12189
17311
24079
19876
28371
28209
24807
8838
20273
21595
4642
27935
22024
30945
31727
32239
27192
20471
4499
7048
22235
3356
16463
24619
1122
16310
10731
8971
19667
10475
11679
29025
14831
16725
29146
27712
25144
30340
4881
10597
22846
31330
14493
11335
30450
10613
13714
28039
5503
28101
22295
21635
677
817
29821
23188
1911
2541
8314
9489
14494
21261
10177
3099
22260
21804
24239
16695
28842
14407
5164
15696
6519
29624
10495
23863
1979
29210
2223
7157
28104
13767
10734
5016
11796
12980
16092
30064
21261
14742
3117
27311
12435
23973
12224
13204
30797
16163
2406
11129
3960
9881
10946
7022
9280
12615
1148
16621
7900
10752
9471
10919
3470
3476
12104
24617
19437
29735
6463
19094
917
12925
29162
28281
911
17885
32256
20290
2987
24988
19374
4465
8722
9315
31703
3410
6516
29530
17914
2138
25926
13643
24690
2601
3472
23371
2859
18752
27270
5203
16290
1958
15953
29195
25469
26255
30973
31444
15651
22983
19396
23285
19293
11481
315
25552
19468
7342
14098
12559
6571
24731
14370
31320
30689
17383
12683
6046
27302
1097
19644
19874
2958
1790
15893
26419
23435
21958
20631
10664
18048
20973
31338
16501
11785
4040
16385
14301
1437
14468
13032
12685
14079
21268
10091
16280
17299
4116
3027
32112
5735
13235
6961
10670
31150
4088
9038
25445
8819
5757
17322
10170
23027
28698
30325
10369
28552
31218
19202
17012
21580
22801
6062
24230
31434
6215
30579
8445
3158
16695
13273
22210
14308
6937
24169
21980
19523
19212
11461
356
5
26949
16098
1373
24897
16424
6900
16082
31769
15450
3791
32372
25300
31147
11988
13092
16442
11966
30627
16662
22682
757
19613
26739
20425
4440
28545
32187
3362
8035
8258
21580
19507
14325
18063
31722
27771
17286
20855
30665
14577
18477
7206
30803
23979
24693
6064
2936
15665
11213
11076
32547
13451
28677
18853
14181
4605
25538
10200
23615
14588
24121
17476
15001
11860
3349
203
15194
20374
1237
10204
23867
9118
27854
4438
12670
25287
17034
9881
20786
5566
10475
28875
28683
9394
6945
5717
24148
23699
16423
27080
20374
28382
26243
21576
23072
2397
9738
18967
24014
5432
30062
7015
11892
5072
8376
10514
29522
31284
20787
15485
29440
9849
23244
25017
7373
3853
8020
12022
5666
12289
17387
20567
28319
15328
19460
9755
3942
17078
29309
15157
7394
15080
30962
23590
831
5906
32183
14851
997
5868
9330
32303
24775
22996
7512
17448
26878
21061
9440
13969
6639
19117
31248
31770
2849
2568
28453
7564
18193
317
20386
4691
5993
29924
6388
4442
11458
11272
27347
21437
3985
9500
163
21185
139
29066
32580
16963
23223
26042
6191
8888
27922
2197
23713
18152
24646
4099
27865
20864
27041
8524
26043
28714
25418
13299
24006
8735
12980
12908
1469
28955
30715
8269
24294
20
15036
14188
10037
28132
26980
16456
12997
22298
24549
8427
24649
16404
13324
31136
21858
9058
25724
5687
13422
8987
484
13229
23047
15438
28746
25307
732
16078
16360
26036
6764
5675
11625
22191
4718
19741
22146
30039
21915
13679
18229
4002
15257
31138
11606
25168
17023
11710
5295
28657
11876
12720
21212
8318
30030
24244
17397
28907
7498
31375
21861
18557
29422
9606
26394
22645
9695
20890
11586
30281
29899
31568
30285
14684
2028
3715
29095
17636
26908
807
5015
4362
29608
17263
21901
28000
24496
18428
28979
27384
22669
24444
2013
3848
15804
5582
19295
20732
31237
10920
31850
27076
6051
31546
9054
21041
10147
2322
13867
19676
26280
21817
24851
7324
24194
20688
21264
14418
30877
27200
7083
24051
24021
24527
5833
15513
16364
19390
25288
12960
25732
28883
30699
16914
9672
21029
1041
25260
28771
14337
17396
29150
20773
24110
27758
12449
1811
17637
27583
128
28753
11165
22197
7668
3030
9496
10963
22327
14823
15591
31841
22433
21819
932
28079
13780
30774
17843
28876
22651
556
25022
19476
9672
22687
10626
10885
7698
25526
4490
6357
14005
30769
23399
25580
29461
26098
21307
18124
10522
18613
14791
31212
5545
24020
4847
2271
31105
20210
1051
20860
25396
28799
15267
22330
13675
17431
14229
2982
1157
14513
23091
16475
29094
21556
26562
15141
27820
24299
8513
11241
8941
32218
1256
26795
22968
13172
22567
19782
15197
16874
23424
28869
281
22679
13987
14606
10191
31395
27112
28797
6405
19847
3834
12718
29799
1880
28647
25306
16551
30763
17663
25288
16727
27259
26649
2031
22289
12963
9347
14633
7010
6988
26573
23253
9049
12825
26535
1556
24071
9593
24046
29013
11821
29737
19413
5616
28464
26426
4054
20545
10846
23967
1806
1928
31549
26023
4163
32526
3173
17984
3154
1176
14506
7888
12159
6158
9512
16740
4736
2841
15587
20159
3717
12012
31308
15317
24979
10109
16198
15278
11807
15316
19601
6379
19045
16812
8240
6750
13944
15450
1933
23381
18463
23970
28507
23794
2524
14662
31311
31946
22838
9628
17976
24098
7177
16537
6695
13323
11720
5829
2572
345
24934
19764
28760
8816
15309
26249
14095
26048
20161
16948
3944
5358
8885
9115
27419
3889
18947
1514
3781
15694
10759
19265
2024
18704
27491
21508
16452
13095
14376
29265
1970
15678
6080
12256
29865
11822
30338
5391
1611
6848
27347
6574
15685
7525
26132
637
26328
25610
6036
3691
19711
6709
17906
21578
80
12384
7953
20387
10152
32006
320
3382
13937
7465
935
13516
18521
22526
29448
26093
26295
11918
28115
6171
20585
6928
12436
30950
25762
22593
8440
2741
13794
9336
26764
6443
2076
30397
16812
30737
22852
28823
26929
6932
26734
12358
3942
30011
20089
8511
29531
24466
1524
30852
32092
3090
28981
22356
10674
25750
22194
2311
7527
10943
19938
6828
31096
7900
4013
8077
17317
24647
31947
23413
17879
12931
515
31038
28730
25327
4952
15143
15742
13451
16534
15174
27715
10392
12664
21211
19205
17787
20205
13292
32084
10830
27566
11195
6091
3494
23386
16647
6222
24625
32711
8026
20605
30305
25300
15388
20227
28579
30589
19994
32729
14134
26876
13229
28015
11883
24845
15196
28797
22979
30496
2713
557
30762
10144
18058
699
20094
2161
32269
4920
1925
12177
14534
2569
27732
27515
16552
22044
23612
10134
10289
13780
7412
14492
30077
31330
5789
19571
6190
3972
31679
2960
3949
24343
22949
6381
32158
12457
30228
14520
12796
12379
21758
16936
5362
13822
20813
15147
9170
14869
26709
25234
19230
23463
1877
7700
16586
17959
1298
25650
18328
13730
26185
11671
21209
4756
21342
4379
20860
29349
29388
10425
9931
29077
31799
14056
18099
31897
27563
6887
282
31098
21725
24790
26223
18214
2344
22411
19564
10352
6739
23287
9006
6526
4516
21895
10363
13904
481
20573
22320
29505
22920
14276
19389
1388
2348
4598
794
7906
28967
452
18504
20948
19936
6278
23554
16067
28795
3243
29441
24837
7809
28459
8025
14999
8655
28236
25293
11459
2982
31412
3667
14381
13680
32276
31662
11624
27279
31374
14508
22711
22819
30565
1174
5905
403
20307
126
23945
30629
7969
5260
15323
24292
7522
2356
28092
1403
31244
23600
6734
25774
21263
25179
26087
24462
31673
30280
7238
4830
10663
3073
12609
8879
6145
25417
16566
27931
19955
15307
23509
22694
8691
23271
16549
12593
24410
24271
10442
22504
4332
2786
6867
5419
26479
27031
29619
28572
24280
8900
25132
11848
23505
8277
31829
14903
24643
12075
6450
30032
31116
2549
8698
6213
26168
4967
23002
18739
28223
32142
6836
16002
23220
11027
27036
9860
11964
29270
7935
30735
30096
31034
30615
22659
19747
21804
2770
9677
2422
7785
26759
32669
8558
2460
9285
14170
13100
8827
6147
9915
26351
25983
22407
30609
11453
20848
23373
23220
21328
13739
3216
4328
16391
6567
3538
6974
31930
30464
21200
11993
4495
8288
6678
1612
13531
18691
15718
31241
16348
17311
7226
21385
31485
16815
850
30853
23676
10780
25112
9327
27482
23693
3637
2961
28405
22708
5712
11377
30798
11428
3599
24322
29194
27300
26200
21429
26956
9380
31220
19923
2867
31453
27417
9634
24959
27107
9583
17205
12227
3512
8275
18207
24769
8085
7969
29113
21705
16081
26876
5052
22251
13508
10194
32550
18666
10690
25691
15335
15961
21276
3364
13378
21304
27734
22818
10455
78
15585
4817
14137
7745
5467
15151
5810
1722
23072
14464
24760
30061
25806
22290
20044
7880
3953
20097
31372
27241
28502
2107
18315
21863
5168
20486
28111
8275
864
23736
4439
10872
22669
22787
11812
32704
2075
25827
3740
22892
28265
18060
30967
11076
8241
27675
32552
19425
28615
8844
5288
2017
11719
14194
6244
24961
32267
31570
7230
21077
18736
17271
21442
1218
15954
8677
8150
3402
8806
23994
32645
29267
15946
5595
1534
32257
19083
26195
31932
3113
105
28178
20765
20551
22666
9244
6801
14012
26332
25302
25806
27948
29495
16347
29535
17190
29393
6163
25506
17169
15788
32150
28000
30244
30268
417
28335
10321
7433
14931
7703
1621
27552
30385
6206
25097
2532
12580
21525
23727
25296
1266
14987
10478
5363
6678
30738
13792
31405
9078
3982
25992
29044
19651
12771
29486
19757
14959
5142
14642
4611
21339
17643
23230
20725
26044
28169
3134
23314
16591
22889
28181
8381
10185
12813
3924
28175
13051
7073
19319
22091
32130
26604
11078
27556
28183
27531
28780
22603
14991
21161
17259
21003
31361
18316
537
963
23885
537
19853
22419
6161
14176
1402
453
27675
5133
26637
22741
28877
11197
22889
10840
17147
16163
31397
29503
16464
29209
10560
17317
26804
22963
15485
16901
13272
20347
12502
17093
30812
1368
16084
25684
10864
18765
14780
6944
1076
29471
20325
29930
7613
3755
17045
24407
29190
7019
3285
24295
21019
5210
22729
16275
6132
8064
7728
12793
25709
1833
22873
25082
15573
29039
7721
13409
21857
11298
13796
11006
14298
18505
26044
8311
10432
9833
20351
25610
1066
12121
17946
25643
24174
9331
15817
8647
19099
30042
3312
7176
22639
23125
16629
12203
9479
19441
8452
32167
6596
30335
28912
10131
14045
2538
28842
12364
9828
31050
26394
9951
19890
11357
18137
16997
23404
1846
21642
25446
3778
16463
20986
22327
3597
28845
28111
26419
32011
18370
29779
3667
16672
9165
18535
24541
27761
23899
15266
32339
17451
4792
65
26518
17487
5756
6097
27969
13435
20689
29047
8017
3556
15610
10130
7746
27021
7602
21649
28931
20025
19314
13409
27966
32230
30968
21688
9235
14075
5537
14609
15051
27807
4789
8333
10761
4651
29586
9902
9869
22008
16623
26139
16099
23708
14843
30245
30592
25226
30885
23710
28624
32600
13387
8372
16501
22305
27664
9778
2955
5056
3184
19190
400
23586
27
15422
9505
27471
13315
27503
18068
20020
15599
16467
32260
32604
15273
17417
3507
9658
31761
6254
13335
11226
1334
2226
13767
13353
21572
4860
13222
6408
19850
20229
12378
23494
968
15202
3544
9494
10354
23521
15259
31882
13535
7224
28026
25616
20294
6254
4733
16748
30962
17648
12091
7200
19911
2111
25470
30112
18551
11198
22628
24005
10874
18340
7063
16220
19989
31694
1000
14681
10679
7621
26361
28974
21202
10015
2311
11646
31647
12435
22521
18784
29314
300
8285
18832
13005
7163
15458
10365
5010
25162
683
30113
18076
20268
26995
27577
20364
8695
2402
17383
2863
13485
21096
32348
26246
28865
44
27282
29189
6609
26978
14290
14429
28306
14352
17444
26948
26660
669
17050
14862
14931
24078
30767
18115
18689
32092
6343
18754
13632
13774
16805
13902
28661
32305
8481
24096
20810
20612
3224
9359
31150
13131
6343
19354
10465
11980
28576
6126
23660
8054
25252
30969
22199
17870
21058
24646
31369
16700
14519
15750
1553
12373
2837
17040
867
5998
26353
5446
14264
9610
15466
27813
9231
6615
3713
3773
21297
25300
31986
18136
10140
15716
23448
25943
5378
29917
15698
6072
30174
27209
21481
28853
14341
7780
22696
29273
21874
10283
23213
17095
20647
8651
10686
4368
16456
4108
10512
2082
27750
7965
16911
20054
10973
12728
4988
6452
32045
10368
19609
32668
12828
18331
8051
29913
4144
25956
17020
31367
31011
6498
4642
1596
3200
9514
32463
3204
8279
29035
7052
222
20458
16157
7709
27063
24082
32390
22085
24552
18082
19459
21300
10733
12388
2192
10557
5508
8648
14584
30019
9834
334
24103
15227
24815
22000
23
27386
21378
22263
19564
26561
6379
13127
3323
26652
10226
5421
13554
24627
26612
31398
10595
30039
29638
22320
6958
2675
11118
21903
5452
18619
1048
25293
3604
26472
11235
8630
11294
14760
21775
20734
28640
29389
13003
8911
2076
2795
439
5620
12828
19384
30240
32410
3061
29332
2950
15352
27287
5139
31988
23871
2181
24839
32052
27881
13826
1763
29940
9683
18423
12553
21793
29838
20774
27301
17757
530
20780
14697
6979
26275
13654
9587
10182
20572
20093
1771
3004
5690
9214
10687
31454
2794
30179
28087
7062
7405
30107
24930
22052
3081
4652
18228
22650
10455
12457
11727
29020
9675
13632
9574
2049
29652
19767
14941
3595
4853
4672
11593
5619
24723
3163
4529
24644
6907
8357
30842
26910
29056
1437
30963
4782
24035
20713
6344
993
27514
19540
20826
10537
7485
6539
17202
14040
23925
27538
15705
26734
7433
13470
20954
29545
15007
5089
4404
32320
3158
32125
32565
4805
7522
3976
2345
7094
14389
19039
8397
10001
31968
10249
29139
25081
11728
7004
16939
29848
31562
9951
14537
27818
9547
22386
1831
22573
21810
4050
10952
16711
5107
28519
31024
14050
29654
3933
32350
21502
16809
18725
27142
27147
7167
21785
6206
25645
19750
12554
26902
2775
14776
12152
22736
3850
7352
24765
30725
26982
23794
18204
15025
32646
5939
4351
20207
3958
19927
32161
31864
28252
30950
27081
31167
27479
19938
19229
10544
28949
997
22124
26462
21942
24666
32220
131
3828
7405
5584
16946
12940
26634
16929
6712
23139
22917
17892
1111
10978
28275
10591
32328
7040
2863
25258
23430
23233
18715
22811
28303
12899
4615
8660
5969
6014
29303
26723
31542
21603
11737
23605
22918
13273
26334
28052
25961
32564
13265
16963
9161
15317
30516
10621
27575
12815
29185
22547
14247
30513
4558
516
27580
19873
2497
4751
24158
13851
22488
7379
8868
6369
3148
18717
29211
4704
16810
5493
30885
2795
21974
8509
19022
31477
26911
25676
24128
14522
5611
6233
26782
2926
7734
31280
24740
3850
20207
19516
18963
18441
21728
30157
18299
21594
6128
21086
1895
24195
32433
6327
24019
5964
10750
18518
3368
32195
32154
20022
23890
2479
17909
29568
28052
14456
26278
15441
20612
25435
16604
30330
9236
23459
4925
749
17307
26973
6596
20103
16612
12920
21084
31182
22251
22631
27940
11219
14780
9412
2156
28031
12596
20844
16075
5575
13089
4979
30902
60
25934
5822
19560
26201
23457
24067
11728
30890
22847
14184
16604
9956
23003
26691
25908
29611
13704
8078
806
4692
3731
26296
8151
5538
27414
11825
12730
20383
12833
22898
27634
1981
28529
5049
5719
29166
17855
24334
504
25421
4019
15143
4893
4319
15342
12149
19598
4783
29634
8078
10085
18887
6303
32073
28971
14265
10437
6850
21545
29917
13845
13649
10773
1100
22949
16565
5699
4160
24181
7002
31770
14278
31390
463
10666
17863
15896
7003
30699
15430
16589
5827
24527
9572
27457
31297
18724
26629
24587
30494
31058
28712
19273
17436
22903
13430
19266
18199
20593
6047
11757
8354
27948
8752
6448
1150
10670
24935
23364
2528
6188
30456
14070
11645
320
15507
20927
25572
454
27474
12706
16568
14808
27909
11935
22662
18809
11317
2214
23996
27751
6897
8427
25249
24973
27316
16452
31077
25221
30747
159
11148
11592
1881
25781
20273
1187
7469
16683
9180
31704
14173
15859
3214
20081
29681
8737
12727
22673
10234
28477
5957
26771
29921
8282
25067
1176
25938
18745
18827
11609
30256
22231
11191
27603
8432
10057
6774
397
17744
3541
31187
17675
20042
23072
21455
13287
21311
21064
1757
30083
3892
27996
21606
9256
1981
20600
255
15807
12304
21815
19497
29846
20616
30140
3565
23668
24931
31372
15007
23536
8512
22676
9
17152
30206
5462
25637
2126
21810
29039
18652
3694
3140
19194
557
6638
20423
11613
25544
17223
14157
10279
821
10931
15351
10111
11010
8859
7857
4331
8659
305
29008
23951
921
25029
13693
20065
27756
12167
7970
14264
29512
2136
2637
230
11535
4355
27507
5359
5332
1218
25915
10919
9735
26869
12664
13866
21012
18299
15529
20227
8706
7434
10386
29218
15769
2373
11033
26179
2060
24460
9773
20178
19274
18078
18167
22885
1950
30169
12910
16396
18419
29646
13008
1631
12900
28252
18299
24381
11411
32355
16679
8171
1288
6918
14220
14361
30044
23479
27879
30644
1882
31240
7421
2007
13107
2058
19158
12069
29270
13528
27699
17462
16697
24971
823
18995
20824
13091
32408
19107
11487
11164
9328
18527
10262
7489
26795
24937
25726
22996
10428
32093
1265
14773
9422
14318
18533
23304
7633
1411
25246
14335
2012
17037
28629
11934
23729
11197
14179
23540
27921
27508
22269
21161
27272
26537
14015
1295
11188
19910
14079
3816
4381
19366
11141
4889
30454
23826
17586
30729
11957
14009
1188
10431
10789
2649
9420
19121
14823
7872
54
17522
6469
293
28703
3564
19855
22853
15733
18147
10404
12580
3613
17382
12930
28472
16889
29965
29999
2674
16643
26552
17464
32317
17415
31087
1038
7237
30914
30410
29075
25654
13268
20353
18576
21447
17792
29611
15814
28016
10314
19160
32405
18589
9309
17986
9898
29642
6128
31180
32767
6299
12127
21885
13697
1410
27666
17306
2315
5194
2278
20284
10513
5766
16296
31411
5055
3579
31271
1981
14759
10829
31903
10183
30992
511
4649
10984
25785
21716
18752
12185
32360
8378
26313
26062
32728
30531
8487
5544
20102
25847
18847
10751
13731
21646
31683
28127
31036
30049
31009
10376
422
19608
28366
15031
23367
27893
4075
26336
13650
11507
29790
11996
9346
23116
13252
1699
19561
31331
31035
16729
31798
16415
18172
1956
14336
139
27521
23101
12137
1781
7081
5471
23324
28790
29134
15592
25004
27212
18084
26466
19085
4049
2859
19059
1285
15728
8022
13509
12615
20769
9804
23104
24163
2961
13801
16374
3341
26075
9934
518
7559
11527
5360
26364
2547
30589
26841
13495
3330
4867
7606
19960
25386
15105
11655
18963
8229
32666
1030
30886
30328
30422
15617
29735
6196
14905
31218
7243
921
12494
12953
3461
8054
19875
16555
11590
17759
6977
27838
2067
28787
18630
2896
24632
14237
9217
30010
8660
5075
6653
22112
11213
20442
17931
20621
21988
27241
18619
12101
15229
23999
75
9775
11166
3531
4204
7175
6066
24176
30335
20271
13521
18940
6269
9861
31874
30587
17169
9796
21773
10148
25013
18686
5687
20800
27473
16425
11414
5266
14817
25596
27245
12860
23261
13988
10263
8947
756
32712
20240
253
3574
18753
15616
10879
4442
11512
31077
4234
16507
11291
20173
21726
14589
21558
25307
18082
4073
19210
14464
29653
28212
19795
4221
1664
15841
790
26412
4171
177
29295
10519
23185
15599
20474
13341
13873
5296
1285
13043
20827
10289
15543
6969
22810
4207
27648
18664
9787
18089
22786
16541
875
26960
5403
17510
21299
31110
19671
12352
6937
1017
10615
14586
18090
8933
6529
5648
7015
2265
3748
5793
8642
20335
6063
30712
23870
31615
6116
6395
8945
10049
965
15463
1794
575
19872
130
3359
109
14012
9329
20502
13566
7354
21579
11875
8267
15248
1344
21417
16279
19856
15285
15513
4251
14216
4480
20122
23168
4224
8870
3064
5198
31131
24400
10216
31156
20570
18868
27820
2932
11427
31005
13800
9701
27471
20977
4
14052
24939
7551
16775
13853
15474
28007
32346
22868
29810
2059
8142
10138
7145
18812
3652
16932
3139
20795
6626
5994
16491
12730
20837
2868
27266
18907
5200
9226
23459
2168
13692
22494
20534
10474
15967
23155
30525
4342
2703
1
17210
3775
22663
7021
28817
4592
16357
16950
19399
17956
3786
9709
2357
4754
23293
24626
9584
12295
3560
14357
21905
23017
2134
29535
24531
14514
25953
424
30428
24571
32036
18782
28134
16179
12821
23482
8365
19136
5390
4429
9363
2753
25123
24840
2069
26098
2803
6208
15516
27185
22489
17642
21984
4281
14956
19829
14762
22352
5720
24462
19416
26278
11849
30766
31443
10943
27722
6190
4844
18213
5218
27080
14983
3592
3342
16046
39
6010
25774
29074
3751
4279
30002
32299
12417
8589
13849
8412
27838
24221
20109
23696
26781
22618
26479
27465
3038
7768
28753
30507
20028
17843
29804
658
5143
13731
9889
7651
6213
19777
32065
23569
2948
17337
8152
15973
32393
2455
10135
16534
20221
9877
4711
10973
6691
5860
11913
6389
14270
18664
23300
9006
25785
11729
1791
2006
4838
11500
6611
20641
27272
20800
12112
26982
10727
25306
14658
14137
10451
18087
16353
28734
8929
9128
5149
32032
20330
10099
24316
1483
19333
21356
23371
6760
24321
10935
17329
28598
8423
22531
17538
23236
25608
14091
18042
5231
9712
29740
16535
2681
14293
19584
14540
12842
32271
14859
15727
14982
31281
22402
25805
30767
32008
21683
17407
8073
16166
1238
7393
7668
24408
18926
27596
24741
28685
28248
12101
9531
26335
17716
1114
13728
13013
31131
25934
25471
23980
14881
27693
4077
2729
9258
19586
5844
19747
31704
23174
3818
5906
27753
5569
23380
493
32749
19173
6282
21570
20992
11478
23571
22730
24002
23447
11266
1338
25918
9182
19272
7948
7962
7839
2274
13226
10707
8570
25949
5716
11364
9681
10103
19133
26561
3365
5277
26358
22169
25712
24806
25680
23994
24270
13519
8952
16562
19472
12421
1035
12091
27100
15928
19023
31036
27173
1644
21263
18282
20615
20078
25984
3873
2977
30688
12228
4207
28618
25706
12928
29132
32682
21559
21945
29228
911
27024
2505
22970
9817
19267
30204
18920
23035
2135
709
23501
16981
30458
17897
12061
20530
32136
32598
2420
1162
10210
21432
18338
20198
18920
31494
8175
13204
6455
11968
28879
18423
13969
27257
5362
13292
15412
10212
23306
30621
20195
12445
14851
18949
7746
1925
10353
259
13933
16274
4506
6486
7364
8362
8282
7673
32434
22705
29298
20003
17796
27980
13097
31641
19261
25763
14896
8089
29035
14470
32004
30572
24023
9392
31394
14275
15460
10885
14477
29014
8953
14471
28122
29295
1946
12171
11799
27521
3779
7610
14701
14488
32420
2223
229
19135
2590
3411
2650
9090
32177
23064
1243
6662
22772
10384
28604
15824
13538
25209
3453
6919
6835
11650
18547
28335
7566
21694
21023
23509
20580
4775
22158
786
9247
374
274
22075
20485
23295
20250
8235
4244
18549
4785
4874
22953
17941
17293
31271
213
1826
17859
29060
2676
30052
7638
10298
7551
29273
11421
3203
17696
8410
21421
32155
19619
10555
21895
23616
19761
23928
29488
30293
26926
17359
8090
29040
2378
20402
30953
2625
31449
24029
24041
28128
17408
8774
389
15643
26468
29132
2540
5802
27778
25385
25025
16830
15349
8808
31841
13321
24018
23532
22735
30656
1200
21494
13926
32313
7274
5968
21085
15594
1994
2354
22416
5954
8488
12664
356
10545
7344
26095
13311
29810
2175
9996
3613
241
26674
12453
2588
9318
22913
12521
14705
5693
28777
21708
5664
18989
20516
12769
14740
14089
27992
23323
13066
31905
24693
28380
1188
25554
30734
32060
14128
9779
16717
16001
9992
12352
30584
5356
28179
20014
24214
17082
8915
9557
22081
21534
22017
15251
29941
30909
2391
10187
7359
25622
26308
15891
31423
18572
22349
3575
19617
1351
14347
6154
15842
31855
29763
11715
19388
29539
21174
26014
20074
16980
1432
7482
31915
20888
2560
12176
22774
14181
1988
668
5088
25636
22707
5248
19942
2786
18158
9253
10238
23764
15341
31328
30818
32051
16082
14716
18349
26652
15325
6947
6769
15521
31879
17805
1051
9912
22349
10883
18218
6644
5127
6169
24479
16297
17124
18807
32224
112
27546
2325
27777
30005
6485
26593
14377
13701
27451
31086
15517
4699
18680
25015
21588
27849
13014
13982
28496
8013
17126
4635
27920
20418
31367
24015
7362
18882
6332
14020
1418
25668
18748
20134
6496
19104
21708
10781
27996
25146
15646
30522
25562
8901
18257
10282
26345
21314
5867
10816
20950
11958
1563
28812
19135
11911
31020
21330
3307
5148
26413
11051
24894
105
7210
21808
7895
26050
21801
29306
24827
19803
18904
31663
7044
5090
24498
15568
5202
2061
9042
1361
32120
14459
5579
12603
7891
1713
28693
32157
32347
22710
16137
29733
27251
8485
24255
15432
27550
20000
10559
22846
5881
19662
14287
23323
30697
19523
26284
13310
10850
32467
3900
9723
8768
9173
5983
23589
14647
20309
24484
6337
16083
28746
8003
30088
12108
28710
23383
12595
14923
16309
22483
6558
13202
24886
17733
450
21848
1486
1201
15441
14438
4656
4910
1474
7253
13576
2672
31112
24692
14799
13363
32577
7141
28194
1148
28893
17620
3489
29515
18764
8427
9714
29867
7290
17777
18458
26766
23101
4451
18701
6757
12927
27791
4074
1495
21629
16855
22689
30696
23657
32326
10676
6111
6477
9235
28087
26452
12638
24652
21512
19122
10083
31058
26869
19156
25343
29827
8119
19994
26687
20106
23614
337
21470
8039
21692
15577
11166
4374
31159
12989
30910
18081
10450
12190
18000
17239
10779
17220
14159
22648
6158
10486
23508
8493
26479
2679
28647
25272
5263
18615
8395
31563
7950
19286
8654
16136
22625
5794
74
18961
11530
12653
4438
10547
5757
27239
27025
18305
27803
8679
22094
9555
5899
9697
16323
3822
16258
13297
28593
21295
30914
20738
7302
1717
1035
6219
12179
1653
13725
4899
730
11806
15245
6224
7378
2212
2603
22710
31559
16621
29904
13930
15205
7211
17270
32692
26158
30599
27286
8110
27350
19034
24383
4158
13210
9723
7242
28042
20427
1029
17588
3326
9657
23467
31537
20452
11089
12157
12639
27509
2013
18120
1810
2085
24069
20346
18570
18232
19853
6013
28406
19503
29330
25557
13608
25075
38
12892
30217
13881
26335
13457
5692
7551
3386
23740
5763
10218
8380
11033
23394
25725
8048
15039
23080
12113
9391
27280
6152
26980
32038
14499
838
24056
23314
24739
29325
24550
3651
21796
20088
24683
24362
22030
9181
27058
12157
13390
28594
25802
24012
15413
26932
27205
8528
13123
3343
16393
14280
151
15416
8744
8425
373
5996
12366
23120
30347
27380
9075
9930
19952
25430
17170
14093
15771
6526
8908
10149
8444
2173
31225
21697
29419
23820
25907
13739
17967
1972
8973
28038
290
20733
12403
3611
20831
18893
10370
7980
26084
829
27445
4924
14617
19785
15964
8306
10826
10581
12598
3364
22874
26634
11138
18783
11339
32209
30837
4025
2146
16012
2486
12428
7479
12703
15459
25835
2736
26604
11904
32117
5380
27661
27124
25724
27443
16577
17620
