16398
31649
22320
9368
9616
26361
15410
16235
27193
3214
14858
13675
29230
13197
10893
22844
29739
6425
6466
23701
28354
27326
17111
8231
8497
19893
18276
18628
17980
15710
10308
10559
30226
6839
20454
15553
15752
22170
30278
10018
27627
23583
21568
20270
3832
9869
609
9609
9355
9
6011
14885
23251
29645
12693
28273
8119
22702
6364
7845
10100
30869
17597
31322
26376
7803
8611
13521
13905
13654
31020
22340
20502
23918
26573
21632
22661
30863
1495
19549
15469
21097
30657
31803
28439
13855
14555
11888
25825
18453
4681
18620
28566
21124
19405
3285
10306
17002
24407
27334
28294
23890
4703
10520
13397
16734
11921
30501
32708
26861
24099
25746
4208
10818
16733
6010
2830
23893
10039
27442
29226
17775
30444
22433
10383
29384
21264
5013
10406
14937
26669
20947
8066
31019
26328
15169
9489
12309
25110
10306
6550
20566
20087
15422
15666
15030
150
28868
18152
18513
14003
170
15769
9949
24881
28691
23406
2688
24033
5111
27245
16415
12909
10845
29470
18893
17507
1448
28718
28851
18626
32491
17207
21117
27146
24295
5051
30852
23211
12247
1529
14147
11902
6742
18013
4733
1487
22819
5291
2101
26420
7680
24705
14490
19693
30104
28902
17727
6200
20378
32505
17972
21771
25340
1609
4771
12902
32005
29371
22550
32176
2894
15754
9153
17099
328
17469
17687
8713
29897
31261
31032
13613
24938
32093
16379
10901
7072
30784
7753
20950
2615
29185
24042
2514
4042
11378
23380
7946
7842
30849
10081
19020
18640
7101
11772
11768
1919
27545
14768
4318
23425
26447
20843
21820
24300
29575
13028
5639
7566
5784
26830
3009
8170
24111
7720
27191
11064
30014
24724
23068
27525
18683
8382
4256
19451
1463
21914
19932
32021
4140
15037
1575
16257
12293
4770
5016
28642
25286
18499
25965
24180
1257
9366
4801
26615
3613
5049
8046
3300
12287
7116
18988
31823
27242
20768
4593
12371
21792
23408
689
6197
7009
22804
31970
17027
22111
8053
26329
20620
2703
12157
16986
27708
16070
12567
2826
20522
28616
19402
18023
19639
14523
20734
26694
23866
13616
24197
23993
7527
32067
6260
22690
10448
24171
29549
23032
6114
18746
6554
15624
1866
9690
12364
13089
13176
13535
24787
29577
22261
31950
17148
10925
7227
10868
10302
13279
6266
31879
13093
16625
6816
26318
20477
17931
32403
28523
691
26696
8665
18405
16666
19663
29070
17363
4012
7904
31983
5957
11529
23494
31658
3767
23608
3686
1973
16484
6491
10312
20167
9710
2524
7323
31195
5443
28523
7608
4047
24808
29053
32561
9606
14446
29277
28550
5200
7483
17374
7432
23074
72
2336
30634
6624
14221
14210
19897
4032
29475
5057
15092
22969
29837
29670
28318
31375
20813
7382
12473
1771
30997
16812
9933
13505
18626
24639
3297
19309
13738
14816
31464
25577
14135
23548
2580
11654
14428
11642
21923
20999
19594
3742
30044
8037
29078
19082
13249
25795
19308
23915
4833
3711
27446
2959
21405
14722
10499
22063
13968
22541
3723
9598
30338
21983
18550
19768
8778
1804
2766
5469
30296
10461
8993
27149
31401
3695
7219
32632
30646
28453
26261
31296
6443
9726
9209
3692
29141
18912
29008
4155
26020
4026
24161
19796
24832
31501
29228
18990
13447
23012
10549
30018
30800
22981
10273
4099
16895
2774
24747
12959
8142
19846
9001
14395
17814
29085
16732
29143
16529
28203
3337
28983
3767
8963
17653
12264
6476
5765
23693
32383
19932
4675
10329
17013
17010
31519
31092
29721
2054
27921
24913
12987
9556
14445
28676
1661
25494
1922
28870
26761
23027
31440
8842
29432
4539
3432
25658
16721
1729
5500
28488
1778
6017
11278
13985
10892
15124
12697
11848
32579
28411
14591
28635
23397
15623
5775
25502
5747
26034
15764
23160
21096
18152
25248
2826
24054
19610
3905
13672
3303
31105
14442
9477
12354
15315
5310
6215
18870
17680
2892
22717
7023
17434
7989
27894
23625
14380
5711
2831
30251
11428
2554
30508
5579
15966
19019
16503
9388
12632
18935
26040
25217
26598
12010
5717
7725
16313
8136
16243
13671
22727
15772
23637
29961
26913
29729
31052
16228
16363
9195
26630
14200
29228
9861
31016
3224
26471
7352
9770
12303
24155
19444
19367
4456
25840
32218
21007
13108
11086
26575
19140
22305
8116
28214
31985
591
895
3181
32147
1338
24651
2266
7602
32711
11479
4225
22806
25156
32152
6598
14866
14211
24797
7974
25122
11282
26112
26089
19963
6465
3959
31634
11081
222
16008
32130
19851
14109
24663
6202
4557
15411
13224
12977
23029
32353
14382
12876
15776
711
22401
2234
19355
8764
18258
2399
6425
25372
12053
19740
26864
10093
1298
6376
1638
9685
1482
8965
25433
14479
20810
20795
9559
7543
2230
26413
11163
13085
19422
32629
26148
24913
25514
29166
4735
17506
10259
17924
31613
11921
3582
16486
27496
24332
16199
580
12242
14508
14181
10224
11705
8260
23707
12439
12495
15687
1021
15822
14616
7110
12552
124
29512
31292
9663
6351
7859
13694
13888
18983
7371
13288
19232
24941
9214
1136
20551
27917
13587
21928
27299
25379
6258
17021
9353
4830
2779
30412
7506
1769
7575
24761
31811
19006
11127
18997
1163
14626
30839
19350
30267
14562
8502
7815
26071
13175
2396
31569
7990
25070
20684
5118
13686
2510
11336
22906
14963
12289
16716
6908
9996
20696
23919
1266
22725
26859
9550
23761
30689
32665
1910
22674
12470
10000
29363
32052
12889
24874
1893
13162
10627
1360
3903
31715
1309
25532
19307
20670
28313
27137
17560
17059
8705
17484
4742
20322
1635
9126
4519
2080
29104
20944
23829
24588
3374
10852
4557
2571
27273
6859
669
12773
23793
4064
15707
24368
21626
15663
17336
390
12802
19183
3794
2310
10199
23560
31407
17811
4502
12410
10648
17035
24811
22232
8510
19974
21274
22005
29795
19470
8486
14589
15517
28082
31040
25525
13335
26033
3832
3466
3977
7253
16008
25753
2590
2313
4257
3816
10430
8097
29076
19627
24627
21608
21334
12244
5441
30693
17882
4971
17181
31514
27236
9499
6240
31308
1925
23355
18796
650
8022
31800
27948
14651
4735
11733
26923
31115
30516
16125
24618
22194
21744
22413
31219
3729
8623
22474
6623
2181
23338
3886
11861
21531
26578
4662
11953
25016
22770
21900
6124
4213
7666
17287
24828
15318
21643
26333
15438
25992
1733
16107
29742
27985
11217
7833
26792
9489
13585
10645
27287
13420
15739
11870
5017
535
29447
16275
19992
17987
1151
16812
21946
14268
16389
1240
7960
8099
10302
3980
7277
14757
23654
11463
13542
579
1005
8467
14870
4947
18235
842
1393
15717
1020
3468
18946
27468
24175
9189
9108
31455
8568
7023
29671
9400
27687
5737
26998
16307
13472
20162
19586
18227
1502
31526
12896
23813
22788
7796
6539
5831
3551
4325
8852
1865
17460
13321
26786
8067
13026
3611
10925
5727
22353
25032
21462
8509
20068
14408
15021
10676
3373
26529
17408
21296
17380
15917
29219
8906
16326
25108
3835
7844
32135
3050
27211
20871
6601
31749
2489
28834
13889
5103
20002
15812
20908
15720
32568
26691
30354
9803
29425
17187
5900
21111
28413
15429
25874
12339
27629
7878
25061
15677
19874
17043
3542
17991
29443
4285
7872
25387
7592
13306
6264
28896
18799
5441
15262
11436
25700
22690
13524
12183
26464
13756
23775
3711
6653
13663
15060
30304
26480
11077
10507
19503
28716
16168
6433
6269
20306
12813
11897
31203
892
2997
3205
12797
31209
6178
21458
25992
26578
11394
15313
20354
4900
21172
30394
1093
10602
15071
26558
4918
20281
16500
20402
3423
7129
19217
31319
25522
25711
19836
10229
8828
17553
12542
31617
10638
8832
15690
24210
21614
7295
20210
16746
26206
13519
14161
23098
3770
16261
27284
6333
31422
5620
29002
9167
3545
1797
15892
3853
26184
29290
26747
435
27229
21458
27930
1518
5491
26235
13200
19277
10555
20189
10817
1574
20899
9171
9164
4967
5023
9677
881
1003
7060
25449
13985
22239
7587
20357
12167
5072
886
17281
20840
32503
31241
28798
1436
19306
17115
31142
25624
27078
15765
15741
11807
30234
25967
15585
28565
13607
29274
4826
12323
27600
28097
16835
32351
2514
17744
8889
9339
31
16425
19617
5071
19798
6618
3429
31563
792
4398
27333
15100
9031
32191
12675
5775
4696
30517
5143
12385
3879
3558
8080
4102
30109
14873
8065
3472
6127
1040
16046
21931
18306
17966
708
371
27369
489
31574
15324
29899
11816
21585
24401
32596
24930
12117
4903
4564
10912
20485
9851
7826
6851
31908
6185
15502
11020
6018
31700
31270
7307
13866
17605
17107
4567
20524
415
6200
16432
15357
23231
4767
775
8008
1180
16082
30835
4236
21910
31277
26819
6807
15068
16711
8600
23308
6029
15619
17340
420
18209
32155
24573
10753
28870
24220
6043
24618
30238
14020
15398
14682
2019
8268
5329
2813
2006
28708
10364
4042
3588
14812
1703
11009
30718
7849
15324
11704
2113
9355
3671
15521
32438
28118
17676
29940
12673
2063
31087
21193
19454
14004
11002
12499
21316
30492
28488
24598
24287
27278
23780
20120
4223
3198
24145
11020
29700
23369
15464
15022
17057
26378
30052
18987
20117
28689
27951
7181
2500
19230
3377
24188
2656
27398
15475
14469
23435
20441
29067
7437
27953
1041
28081
12552
19040
24955
26296
21707
5091
94
25615
15577
11122
18838
25919
6531
19859
24642
22624
19187
32534
18017
24990
10038
27068
14349
18004
25600
23206
31020
12669
20664
28629
9088
30368
28613
154
14888
8060
12266
19273
27547
22311
9856
1751
3789
6880
6536
17246
26039
6609
17920
27570
17786
3608
23089
3421
21778
3942
32145
17578
3170
969
12817
12637
15792
24419
23760
31544
13775
993
32371
5855
8297
27264
19995
10536
18952
573
6487
9852
8758
23839
31005
28234
20967
28556
23473
6184
30862
3952
8067
2753
29615
14901
7278
10052
30253
11296
27144
13925
18744
11937
20262
12061
24539
23946
22045
5332
2477
17962
16800
17859
9742
18765
21839
26528
6749
18354
25323
25285
19350
20044
18089
27418
14041
29585
92
387
779
24145
2156
16065
150
16155
9710
15577
22227
4819
9568
25983
24409
5943
24667
23478
18473
20231
20427
578
24000
19258
15689
31618
30764
1048
17761
142
16487
1461
15458
19076
13055
9682
20876
31459
16480
9440
31324
98
10558
24516
23566
13415
19978
739
23254
30298
984
1680
23568
10186
1880
20884
22102
8638
3709
10029
23716
26481
14240
27197
28730
4672
5689
7033
4796
8748
31435
1707
30407
31824
25226
21221
16529
22408
12473
15843
16117
19554
17717
27503
14965
1651
18653
20761
2269
11712
7316
31325
25185
217
4738
726
32579
7315
28964
10242
25195
30101
13758
4249
19631
15061
19091
16376
8711
10350
8251
19098
31995
25559
12512
5825
24284
1053
5389
24163
3862
11648
23664
28847
31745
10351
30139
24768
25229
13667
3492
17074
21769
26956
13666
18104
13995
8341
17826
19956
21474
15856
19764
6359
32602
4498
18052
9021
23204
25718
14761
14578
12475
28646
6600
9532
16219
3392
6600
28816
11889
16105
18636
3302
28300
22698
28554
5040
4299
9175
13266
2608
3771
20844
3858
11796
4988
15620
3497
12686
5024
7940
21290
15403
2002
15177
9906
25399
12753
17157
1394
23032
18410
3647
10209
28094
3081
9120
29360
986
13866
7280
5843
23867
14228
13809
22339
30752
27515
6476
14130
3603
32721
15788
29598
28751
9747
11813
8912
11978
27207
13432
3653
19436
31082
23393
27147
27736
10668
22203
16866
12849
16528
26585
25911
27087
26487
21113
27089
19110
8833
29760
25161
24557
4521
17175
5712
26725
16984
17619
7101
30244
12307
30698
25018
22889
11761
493
5542
3059
2810
20222
4725
28593
3696
9512
15109
20731
30932
28678
10609
20007
19542
30670
25544
27172
10898
12741
9626
9884
23739
10412
18288
31526
27065
3755
15154
27794
18689
25235
5797
1048
28788
30581
2972
8606
9895
10512
21564
4019
31124
25271
19536
32402
29815
1057
26865
17071
22311
1335
5013
16801
27359
3784
24972
1890
26782
26303
30334
19838
25141
21490
14189
1857
27118
27796
15006
24053
29021
21829
22856
17435
12614
5345
16713
15760
19375
24216
16777
31740
12235
14464
31101
22687
1396
25633
31563
27021
8643
26729
13778
5110
30384
25482
6050
18040
2205
1581
2188
17657
25011
23788
8992
5061
18907
1782
29747
25347
345
14366
9162
740
30011
21332
30954
21594
17727
14385
17307
18383
25109
815
8936
29403
29823
14901
29720
32017
29900
318
25815
6415
14652
30116
31125
7862
8839
8686
16541
10780
27128
234
1417
11862
7328
8496
20509
16792
17896
9854
22385
14712
2143
18478
16372
17914
18624
31778
5624
4091
28080
29319
3449
11487
12966
10247
13158
32337
12020
19496
7753
17736
14911
27107
19323
31162
12609
32363
73
15010
6757
8495
24433
20569
20922
3624
31226
28350
5038
21586
5385
15091
32288
27785
31361
29721
14791
13375
11504
1554
19763
6520
10278
14936
22909
22817
15723
2229
10729
19921
2135
27128
1878
22689
19008
17734
23243
1857
4694
7754
30423
2670
18764
20412
19002
25409
160
27548
15555
22196
7716
9650
6318
11998
26988
28624
11000
22655
9894
21298
31071
6889
1629
27415
2656
11571
4053
3436
29742
24236
12787
178
18973
8281
9872
3431
4882
20446
21509
10270
4343
5686
12981
22184
16458
4911
12247
1230
20450
12991
32330
14821
18077
6003
18843
25636
23582
31954
17970
31167
8401
39
3408
29196
30924
19535
8355
28097
28420
11830
29336
27266
7976
28287
16506
9275
6306
24206
23287
22244
8360
19993
24138
10235
19344
9210
3684
18066
13689
31720
27634
14618
28715
2557
10054
22039
25859
20804
9825
1236
13612
32528
21115
19076
1879
16963
23436
26167
30432
27610
4405
15559
20343
6915
23985
24844
30397
25785
867
20378
399
29946
10731
15973
24003
257
10512
19773
11719
3312
19108
22783
5306
1054
27568
27959
29008
27508
31246
14041
27415
10708
27713
21968
16127
16186
15940
28826
28188
23770
20589
3370
6508
18129
29382
27186
21265
12278
5373
31861
25132
18913
12304
6710
4639
19472
20097
17170
27058
11957
27378
28683
4205
11282
11630
2415
24927
112
26570
6315
18518
7009
3423
9117
8195
25450
3157
6156
20696
13681
20244
24310
31715
22652
27309
25247
22961
2829
7009
13368
25303
10704
25489
20335
18970
15120
2783
5594
18852
29017
11218
2419
31738
18566
1779
20512
10120
31010
21097
29803
28011
28478
29898
26664
23881
29893
21403
5752
21358
4808
29717
23259
22972
10658
23163
18496
8940
8322
17761
1899
20027
6876
31309
27796
25722
5357
27132
3161
9543
11222
7882
31299
25112
27324
30359
23767
31380
32182
24316
27223
31095
942
26693
16760
27769
21121
6001
11812
24067
8426
19605
16281
3526
22504
13473
21024
15864
30419
19681
8360
4553
2151
8261
2961
15897
1144
11220
4307
25719
27772
3806
9133
4344
17213
24622
12481
22436
32696
7190
15140
29748
16390
30764
1237
1568
21075
18890
27187
17784
20901
32089
21881
24067
15317
27851
23489
32071
29541
21741
3636
4892
17250
24374
32157
4038
30946
23195
11601
24463
15680
29740
28720
3629
13887
24743
23303
16986
1495
10054
12681
28159
2984
21728
11884
3740
32534
11680
279
13203
28399
26493
2482
29063
2654
9140
10164
1120
14965
21406
6431
3165
13980
17838
10912
21583
22095
30933
27024
21526
23166
26060
19036
30594
8873
29441
15518
9699
29047
4881
12079
3517
22107
9795
674
7890
21432
8905
15501
3197
16776
1233
19062
21626
27198
27051
14073
12449
26060
7723
20891
26340
22087
28103
22910
6119
18255
1745
31177
10206
30536
19707
19047
1859
31129
9524
11835
11748
30503
4048
20188
12061
8193
23893
16729
6937
24871
12641
779
2480
14422
31455
17301
9915
22558
31702
22571
24050
22152
10395
11492
28000
7522
14418
10098
4096
537
8624
25091
13621
15422
7456
2068
11831
14202
15406
31314
28378
31101
2739
28712
13647
5612
1141
17315
7421
10122
5908
3715
9916
32596
2122
11988
23384
9857
27975
24206
13055
29049
30326
19004
16245
11299
2152
4726
7073
31616
30776
32656
6724
4366
6530
3533
12047
25892
12571
19953
12525
13680
19541
9291
9548
6593
10383
25003
17863
3987
19220
10593
13044
4950
19611
3927
27271
20955
26572
20732
8024
1524
30414
18932
11527
12252
4506
25752
21118
24807
15655
4790
15406
30681
29326
25994
31686
1320
4859
2941
30047
5229
1771
29277
25139
7945
18742
20975
14463
7071
13521
28883
19561
12392
27448
10302
12588
18148
17443
12068
17720
26180
23573
8771
1311
6282
24326
20413
23507
29474
23544
4576
15469
30333
27118
31536
69
19109
18976
21571
13197
11697
1760
28576
15159
31792
12421
17290
20438
2200
4488
31441
32166
19451
2438
32460
5759
27234
3146
31963
23987
3010
30150
23564
22106
7251
11654
11969
24246
9783
28273
7306
30777
24530
10328
7399
22443
3405
19368
1051
9063
23327
30405
15098
15108
1470
2995
13961
29671
9390
31787
18677
14969
13705
19144
29473
23254
13089
15979
15071
9032
10361
21795
31437
26926
29494
8733
21411
15872
2598
15994
7585
7988
20586
24046
28705
1193
10695
1015
23374
11419
17664
16720
22446
4971
28268
25650
16688
3665
11033
4589
13015
31566
19142
857
2422
29020
13735
26568
22734
10533
23975
5232
7148
12851
11626
11051
9615
4912
16576
4042
27087
13418
23172
18343
21194
29352
24593
25809
8988
16017
19074
21255
23604
25187
10789
32404
8838
17782
20144
12579
30584
3897
27660
11271
7073
21539
11227
31918
25200
9397
5713
23705
6803
27597
11365
24197
29139
11837
13678
22696
19639
2579
12124
23261
20508
894
8649
11026
7147
10796
27334
13651
1166
16814
4824
15221
13431
27501
4394
5086
13013
26139
13461
25450
7571
1007
5259
5633
7111
9039
32516
25295
9110
4256
1049
32071
20935
2361
28343
18020
8239
31846
9983
1356
7124
6687
32257
12077
14264
23977
21455
3556
25883
26367
29716
9160
7944
19485
7661
11861
28325
31467
89
7208
3657
24092
28033
19028
21999
25790
26088
8252
1698
19228
150
1787
19659
399
16968
8255
19276
20993
28427
27349
25096
23077
30905
16928
18825
14470
7341
28752
26899
11366
8642
29841
16532
15881
7762
26559
16560
1481
22633
31691
24893
31166
7728
3112
29690
16534
31379
18000
32763
25777
22407
18543
29180
32198
9685
16219
25939
3758
5475
2915
9947
31769
20293
24701
738
344
3174
11555
32184
19538
29909
6013
10889
31784
15151
24768
3863
24125
14284
30895
29161
29608
32086
30157
5185
23149
28403
3805
26469
8338
24110
3051
2542
30731
25850
867
3252
17683
30387
15639
6549
17095
13210
32051
29019
7485
16659
27253
30520
24843
25494
21007
32302
23696
25486
4559
21451
27183
28709
28323
26432
1722
23622
15730
5134
7205
28764
20690
2920
28456
9053
21802
17718
22758
12098
2423
18925
11904
22709
8972
11478
22777
25292
12648
10171
2687
19295
31339
14743
28783
12971
2550
22990
14654
12723
20671
22242
22662
26083
6510
29186
30214
12112
13826
4157
13376
20587
26902
8461
19217
13967
22355
84
21417
6096
2259
28090
29890
10226
11264
23456
5858
28413
20739
13814
31792
24828
14735
19391
15590
6280
5360
9967
18651
6818
4177
9624
22906
15731
237
29869
5529
21313
16214
29063
4995
26735
2853
8732
29900
25435
363
4761
1349
29929
24153
21556
15939
12449
54
2494
17008
20020
24456
27461
32342
15510
3875
9587
25457
25290
22096
21696
2059
61
14770
5157
16356
10584
23638
13356
9079
17009
25163
11540
8406
27577
29228
10166
4707
15755
29391
29679
12005
31475
24465
17263
22661
6022
3508
27618
6267
25822
26359
30050
6596
1621
30691
9174
20204
17056
13939
17198
19833
17528
32639
21840
15923
20778
21301
26188
13057
29463
30313
3780
7554
9193
21785
2572
8754
17386
31920
14808
17608
22063
5108
11301
32159
12134
20764
25846
2879
25829
4532
28113
24356
3769
22985
19881
16883
12099
25902
27767
6314
29384
6175
27688
21487
6171
31099
5808
3581
7819
30750
26884
27928
17497
404
21543
15057
17024
10055
15815
10065
7647
10988
16928
25952
28018
24203
14665
10813
29948
30751
4671
26156
24940
29152
14272
4251
32733
22726
29796
11616
16787
25458
15608
2178
4200
23880
12554
12582
6236
16833
12184
25693
1540
19539
29240
10547
4694
31858
31420
18744
21628
1393
6505
31698
18980
2198
5690
9845
19639
28606
31706
8564
27789
25726
13462
13741
14012
11146
26645
10688
8629
26345
24628
31898
25630
10583
25965
27532
1650
2609
2864
27832
3307
31743
19369
23756
13551
6227
2247
7156
21306
26884
23311
4084
8198
17977
25388
20788
19530
20120
3597
29568
27714
28455
26838
3143
3836
10469
12620
20131
8672
18959
12010
16202
15192
5078
6704
9576
1545
3375
30868
29897
32431
15334
9170
8571
7976
20562
20349
30321
31871
16658
6990
1485
10387
8526
16065
27939
27882
15366
4837
25339
16103
22174
12079
16992
22516
25481
16612
29423
10196
5789
12715
16027
10440
16041
1050
1354
2240
26505
5197
10829
5159
21616
30196
11134
2844
1502
15351
30115
16835
3074
19493
26363
23230
8196
20259
28843
4754
27130
2757
31232
20522
29460
17340
4687
1832
25252
27398
27613
30072
2953
9904
10415
19235
19371
4431
4780
18772
6416
1653
2959
23979
31449
22895
30266
5492
5328
3477
23275
17838
10422
24221
13594
12653
3342
2730
10065
4767
19202
10665
12440
11443
5599
10453
22319
12510
21668
29232
7732
22924
21201
27831
20130
13053
24850
30610
4257
23323
26910
6551
24437
10982
24736
12582
14469
3021
15226
14453
1262
12446
11773
5102
24755
21317
8
11662
4125
60
16068
13029
26368
18495
10089
7679
24947
9736
19784
20278
26079
27504
16590
5785
19667
1939
6245
20386
15970
13289
123
32088
27962
29268
14984
32077
18170
24947
23256
20398
18230
15907
25855
8836
10481
25951
30232
20711
15189
22113
23806
19640
19234
15290
17305
26324
31654
24434
27968
29297
17178
13423
4792
13760
26011
6984
12227
31652
21589
28905
11716
2891
15793
23779
29081
14774
18097
29052
26687
24601
24129
30526
29052
8769
17494
31937
15551
1271
13430
4715
14346
28723
8748
14619
7201
27380
18141
19342
27495
10917
17608
23273
20629
10190
14877
29389
20313
23586
10311
31204
24718
7551
19447
12625
3257
7427
21605
31170
17619
20107
30815
29414
26212
7964
9727
1535
14306
22334
6688
11051
32377
466
28664
19396
26350
8914
14349
27416
26571
3382
23424
24142
20581
9372
1371
29495
11664
21803
20532
4607
30875
1331
5276
26085
21183
5845
14784
24840
23590
11760
25352
6201
21167
25285
24015
21256
27291
6899
21574
25697
23303
13734
3156
7316
21831
19589
17053
5616
11958
12857
142
25403
23809
18640
20230
27904
23713
27360
11564
23141
25702
22690
24646
5769
12749
17131
32373
18360
28129
14329
7696
21787
24019
2943
3310
29302
7400
6511
26042
18392
17000
18102
26517
1817
30814
5851
29914
20903
10310
21743
22946
26645
16045
5214
10464
2340
23866
13376
29102
12140
8191
7170
27110
7807
3725
14386
23771
21941
31474
7753
11562
5546
9143
18368
4730
13467
28768
2191
340
5315
22586
20413
16544
20125
192
3731
7757
16126
32638
7845
15356
18423
12532
10849
32364
15267
12389
17662
22301
9556
15450
16420
12243
4937
10507
30798
15180
6367
18852
31978
28404
18755
3957
17203
19663
16475
11544
22407
10079
654
32112
20688
25168
13238
28689
13978
4262
6330
24725
11849
14171
25820
32726
1276
21031
15317
30298
8403
1734
5103
17296
12385
12108
32653
29596
4041
27011
21144
28614
29958
12462
11610
12165
12603
30090
17738
28793
13745
31082
9524
4813
18417
13147
20165
29960
24952
14903
30655
11553
9022
7821
29172
21557
13355
11552
1402
5949
29808
32576
9028
6792
17064
12053
22970
3987
11909
29434
2558
2626
7785
16048
21212
27327
18591
5063
20210
6180
12954
221
12503
10904
31304
377
6627
10589
10038
1821
27210
7626
27712
31685
12545
22438
20571
29250
11765
18184
23229
5283
23021
7926
16440
32110
17316
16035
7429
15900
19095
5901
19618
6116
1112
8005
14491
23797
13229
23905
13868
19990
29960
2686
22699
2254
6544
11958
8262
16427
16800
494
17467
1383
27658
19444
15351
12026
23780
876
18951
509
4978
30444
7402
9649
7425
27519
31427
29480
9918
22655
2648
10388
17033
21431
13206
25360
29997
12867
1698
19871
27518
24434
25101
990
436
19736
13963
8011
29747
30945
888
30626
6038
29786
5375
25313
6270
19257
6799
4049
11912
7099
8559
20334
18599
31991
32296
27523
5910
29266
11346
6862
30192
9947
2076
16502
12303
11352
28740
27630
17605
3794
30154
15712
21736
10212
25224
21993
2649
17408
28359
8341
23842
11454
22069
22860
14575
20192
22030
23714
4432
23517
6961
16876
16981
26243
25488
8212
23622
677
25006
17651
31278
5608
1430
16317
8365
4193
31636
14832
1968
13478
12575
6563
6836
11973
14027
2534
20412
27703
28036
23555
5681
5802
20076
22252
15094
4569
30722
32015
17363
7891
8503
19591
1770
2388
11169
20411
7100
30521
31159
29929
28369
27545
5405
6144
30918
14353
16037
2834
12031
24136
18533
7782
6778
20056
24726
29403
9124
13095
10563
32298
14890
9281
2661
18132
6025
11015
15686
5645
10766
12692
14389
18051
5108
3129
23785
13200
24433
21112
8393
4933
19385
3589
19230
15377
2644
2541
23834
20142
20009
5378
4630
31305
22594
11791
25211
13440
17228
14415
