4533
28019
28390
14086
7670
22771
28442
17327
8308
7173
17679
28276
14565
9749
27740
13196
10259
26545
15394
6977
6762
25570
30461
31257
28673
9142
27022
17019
12761
23289
526
19278
7999
27598
16780
21865
1718
27601
30145
6073
29793
30746
5154
10690
31194
21747
24918
18795
24099
22494
19286
27413
14494
16808
31838
19489
17658
12539
32328
32326
10861
24529
10588
21923
524
16656
29269
12676
23243
14498
13953
3409
18531
3687
3625
19013
15626
4768
20115
13614
22928
10465
27026
13183
22103
30361
11692
30538
14354
19177
13134
9623
9474
16281
6258
4910
22378
1159
12770
2256
15908
2593
10598
22165
23179
30310
11288
4205
1219
3742
106
32110
12979
9525
12076
29380
15820
18316
29995
2267
18143
19219
7895
5230
10797
22325
8650
20909
3749
30384
11743
14400
13053
27273
8961
20348
14059
29780
11046
26918
31535
6335
29669
31914
11905
31299
21263
22388
32488
4469
27710
10468
24131
6502
3509
10210
5881
15738
30449
19178
21284
11057
10061
22497
1747
25278
20240
12781
1914
32511
13970
12248
8946
12413
31216
3578
23521
12002
32366
7875
30514
13872
22261
32483
11574
19351
19553
26214
14344
12239
5307
7306
25350
31308
1348
31777
10597
6712
14492
22604
19025
6733
24533
9699
16163
5347
28201
2714
21899
3597
24707
21870
3714
9474
3479
16133
21364
21001
24999
6491
31495
15901
31545
24967
22746
17790
29119
13229
14453
4052
14692
28133
28246
5040
13012
24950
16774
8299
25687
5904
10326
8963
5987
31788
21473
3291
3723
14646
17054
28318
24377
14403
6427
30671
6679
6306
31960
30598
28407
10665
9822
28727
18758
27669
17892
32306
15395
23128
23062
17649
17072
6054
28089
26193
4523
7362
8136
20945
30049
14047
18385
5426
17863
4816
25181
13361
25290
26327
15735
18397
10318
8586
4092
27276
30177
3409
19094
27535
23136
14679
8357
6677
9682
23879
12692
6525
30182
7833
28269
23636
1483
22961
24768
8668
20007
10479
24763
3575
14665
16679
6026
27016
18630
28440
3810
3527
6407
8653
2096
23118
22742
5570
7870
2106
11731
28383
5347
39
12465
7619
15792
4179
5172
27517
29493
18502
542
19222
11896
8473
15380
7112
24552
733
14304
27801
5311
11396
21204
32529
32418
14299
12190
11677
14856
19986
20322
10416
14847
9945
25545
24258
1152
30079
18380
8304
4211
19596
17688
32400
31887
1931
24309
16431
8822
1285
19246
18192
21349
7322
17532
25823
11042
16265
32568
18724
13068
22228
11515
9077
23120
7827
27612
31293
3713
11642
31231
12556
7157
11443
19539
9759
28164
29890
21331
20839
3168
12130
21743
9334
30160
3905
24382
23854
25674
4318
19636
25215
31630
25577
665
14108
25558
16278
6818
31916
25594
5160
6361
20177
14807
15773
30349
24253
15483
13043
3677
15850
5707
2549
10269
27168
4970
23112
5956
31998
16891
7114
14512
23233
3244
21655
11236
241
5994
8129
8302
20835
13372
5590
29225
15030
13596
9864
5966
5491
18196
30838
11002
12637
31530
22438
27398
3478
11238
14803
15396
3778
14026
11886
10695
28545
17018
18019
2729
19204
22115
25337
21730
17348
29475
25258
8120
26362
25001
14750
32035
5865
7990
28659
32685
27929
20473
28800
9637
26052
32
28539
2964
20810
4392
32546
2668
24538
15761
10619
6621
17715
7844
22534
7113
4663
541
4874
7228
30980
1546
24989
7961
9911
20316
1157
6498
18902
4607
919
16750
14356
24166
20443
22749
19971
26488
15014
14241
5591
12765
24985
3976
21018
24766
2742
27495
29526
31674
24311
24835
20500
29363
20595
28215
23851
23303
17401
23565
29721
19862
4409
20798
16862
31171
21491
12480
8323
21414
27845
32036
32012
10013
31617
23584
29010
27162
16603
7412
18485
29550
7694
3493
23176
8474
7217
5907
25770
2828
27894
17753
26972
18569
28262
6292
27659
5135
29695
23934
8030
14155
19088
18869
13883
7381
28246
27515
30164
3401
29464
6349
21491
9770
19498
21349
31542
11725
15703
31333
20124
5464
13564
8308
19300
5484
22609
25046
25
6557
10810
31321
3792
16494
4360
28718
17214
12047
20508
30651
32441
2627
19654
9355
1131
163
28345
29482
16342
5778
23475
13626
27101
10347
10149
16196
2097
21454
19919
7124
12304
11767
24721
13985
17927
16810
659
20745
14146
23331
11353
2819
7315
29084
17720
19554
23901
4128
31023
9009
10594
26901
11866
5588
25005
32281
14567
23411
15615
24601
12278
18701
11615
32255
24778
9449
3878
23102
17586
23046
6408
11397
16758
11674
28046
30804
607
1660
14398
23824
15708
5383
5316
10814
3806
20369
25546
22703
20883
1872
18496
2432
19310
27556
18973
24715
17451
15395
13322
22625
6559
9670
2087
15999
13233
23001
14752
1291
17161
4888
14522
16012
24514
13478
2951
7284
1090
31512
27409
22581
784
889
2521
20604
31225
3574
28123
4426
10626
18391
30563
21291
328
5756
6884
19729
9066
21286
6223
29553
29992
19508
22479
29557
23722
21466
15728
11304
20619
12931
3308
19895
25403
9450
17831
19421
423
7991
6494
13100
20958
12552
28575
32324
22449
8396
10247
26244
10245
20400
11524
1629
17474
22045
328
20820
27501
15068
31759
1706
29576
11424
5202
19820
31148
21808
976
30925
31435
2416
28117
28325
30793
572
3145
26942
22503
26816
16258
2717
16164
17488
24570
1190
22104
17355
18457
21556
4327
23857
13028
22292
21977
5094
910
18217
31517
8430
28220
15971
21635
19994
10199
14546
19460
19996
11104
17900
29585
30552
3346
24765
11546
21252
27848
22304
16743
17539
32256
12604
7125
22186
20795
15185
18449
7456
30415
20265
9673
4576
22453
5583
3790
479
27323
17583
19292
29520
8373
18262
18020
6139
4565
32073
17353
17978
273
30769
25126
11015
2324
2314
29274
21158
13174
3118
28598
11429
31559
9650
9885
1916
912
23041
32044
13384
31135
20585
7445
6249
19620
16220
30812
18805
7989
28278
27913
4642
11778
8166
146
30197
3127
17625
23536
11961
30951
21945
9279
10169
31118
29884
586
6021
3147
27256
5585
25609
20112
10937
25581
1922
25032
16957
5317
20445
15537
1934
3906
30097
15985
9485
10803
1370
16574
20856
28774
28998
28599
29449
13218
5948
23345
14728
3031
12193
24788
21660
30024
22711
15416
4722
12559
2054
15795
20930
26926
27240
31970
3764
28712
22887
5669
15974
8775
17178
32105
14482
3914
2652
18045
11574
13533
23755
27918
17496
15914
5781
5742
32529
26915
10047
31565
11173
7991
10704
29170
15544
17369
10850
9251
12544
17508
26000
10687
11745
3302
31130
27454
31962
6977
15921
29936
2549
1735
10865
16877
22974
19253
4553
10703
14605
31009
25055
6635
14738
31288
1805
31025
22551
24963
23390
22894
22668
21442
28383
30129
21899
6373
25261
15648
25111
23988
4768
16679
6271
9718
20624
15774
18893
25357
16522
27185
12805
25089
21412
5426
11510
18516
30466
30656
74
6767
30296
21171
18796
2370
5982
19507
2747
15621
6801
22953
17851
23803
15249
19378
23446
11452
28127
28604
7384
2642
13871
19888
30586
8545
28292
10684
844
20656
13892
28489
27242
4097
2928
27339
15127
30307
3111
927
24881
7473
6120
15108
22154
22824
21813
4545
14047
25438
24102
21813
3957
18132
30923
10822
25455
3198
27478
10958
10689
1655
28417
24295
12015
1231
28709
14214
5734
29394
6333
29770
15662
28675
12714
12753
22396
1456
22230
8174
32650
14303
10613
15725
11016
25341
26610
