15712
31876
13690
25828
27252
2599
19913
29815
13750
12343
25480
15780
4404
28929
5776
11791
32488
1844
17728
16515
8659
25090
3740
26141
18324
5061
25590
28725
1674
30574
1862
17826
8089
19381
19185
23248
7989
14653
14453
15168
20802
1532
17517
19246
25975
18647
29927
30112
28615
26775
22911
24986
26917
10986
23275
31289
29146
15544
9489
26428
19751
17998
9140
31148
8710
32617
13100
1830
11352
22271
11450
12735
13776
27122
20067
24714
27932
10919
3427
12536
22802
22880
9664
19091
7848
27648
3436
2390
30234
22231
9861
6340
24691
11679
5216
17818
7005
2473
13403
3801
11143
349
13771
8358
7299
28094
17315
32398
1686
12226
27215
20005
24239
3791
7102
1211
3346
30526
873
13173
22284
8131
26210
26141
21370
17697
4007
20776
19270
2506
23172
27503
20365
13097
21715
11875
24951
1795
20470
9833
16963
31269
13844
4510
8644
15603
22423
4486
13310
20875
24152
30338
21841
5383
12155
27207
8357
2745
5633
14087
29203
8405
756
289
18765
23895
11648
1632
17417
32067
18716
26271
24276
6249
20156
29824
17057
31785
12027
22233
1893
30000
22309
6124
18119
9586
861
13726
28045
9423
1137
7383
15485
9223
26736
9287
22179
25943
4151
6647
32167
19493
30838
5444
21879
3251
10081
12219
26906
18170
12163
18498
24602
11459
1087
31557
12127
18864
7222
21773
25466
31544
12119
12395
20085
337
9557
13905
4304
23073
9568
22971
32299
15915
8252
28733
11332
30676
19428
12153
22859
11233
8242
8570
21152
5875
16582
31247
27468
30718
28306
31330
19801
16930
8279
27024
14606
21501
7363
6171
27049
24527
22077
19539
30740
11822
27711
27026
20133
9255
14752
32292
13625
19475
2558
8286
21165
24430
19756
7684
13074
20670
22077
22246
26758
3791
15209
4872
24976
22844
4084
13269
10774
15781
2813
6266
32538
3676
19675
13020
27819
9085
30535
27519
16538
30541
5128
25711
12310
12781
6563
2297
13231
29679
17183
3414
3193
32205
7780
22741
12873
30928
1502
11070
10873
9825
309
28081
22176
29527
22392
19147
22148
15501
8232
504
32
20020
31731
6657
16127
4220
6402
5779
20199
11620
30048
36
18605
12982
19117
9472
30714
18378
32712
31299
15406
22234
17680
4842
16286
19817
3805
5015
12923
8435
21383
32321
14566
23523
11191
8112
26520
29713
30152
10833
25429
30284
172
2107
7447
23182
16201
26443
8525
30504
6868
6682
31036
22183
9394
16081
19271
7864
18966
16014
1835
7159
24802
20713
9886
9488
12701
27935
4798
32104
18085
20809
9710
3704
19887
2230
13037
5824
27192
18888
3756
3313
4960
24832
18489
2488
25444
28140
29234
4662
32339
25106
14389
25435
16316
47
29255
20843
7028
32497
17893
9223
4917
11652
20137
9135
24609
15036
29056
313
20746
14897
8332
1234
6850
31040
15453
21716
13301
25161
4913
19542
18031
11869
21922
18757
32430
10140
25554
7843
13521
11948
647
23217
23550
10768
30410
17553
20871
16510
4701
26816
2742
8358
24304
3687
27420
20697
22890
22783
8928
29666
15290
23789
26893
23587
18282
21335
16787
20926
28032
16967
15331
26276
3163
10117
5209
11681
31243
21992
2095
20053
11251
15207
7328
7854
24041
28072
403
11340
7649
652
1273
28583
6603
5278
5404
12090
15971
3771
9347
24820
3321
5838
6003
2585
13625
19932
18646
7995
23532
26981
14888
6685
12404
11611
9545
10162
28143
6196
2418
28612
22779
5416
11655
8486
12946
13465
16970
28924
6627
398
14879
15367
28036
17837
22991
11096
1406
8616
10235
18784
30513
32681
9316
2717
10857
14942
13352
10535
9005
28876
22476
2699
12359
10705
30602
21498
14957
29887
6493
12904
17353
9077
24068
13062
23315
15725
22704
4874
1402
22023
3739
9120
16321
17987
30354
1123
8592
22547
11494
5325
10963
23292
24934
31657
16084
59
2291
27536
29971
14488
28233
7111
31172
8735
26073
9309
27126
22830
29760
1527
10566
8586
4719
11860
27378
1714
17644
20820
5714
22964
139
9087
32216
4012
18685
846
1217
28799
12435
22982
19110
16926
21028
13741
26654
27305
1255
29207
2533
23889
20790
21115
9761
20920
28569
5743
27742
30076
2654
13557
23247
15643
9381
27034
20761
30793
25229
12856
8002
18115
19742
27408
16957
29455
28124
14421
27472
8680
934
30069
25755
5515
2618
6205
21420
15677
443
9448
24723
60
3648
20696
30260
23882
18422
25228
23189
13145
13831
13899
13522
20286
25566
15200
18991
18613
31931
26012
19670
11848
22707
7166
24694
30956
15036
31160
3284
11928
22079
26887
23720
581
24444
16598
27108
31232
9525
2660
15855
6261
31351
3749
21614
8466
9506
6903
18385
2400
13192
16228
16145
733
9307
17084
6304
30003
3584
3014
2957
7831
13939
15540
16752
1298
16014
26658
21482
17308
17562
19882
13308
21388
32281
28294
2582
2725
18462
8765
405
2009
13203
11634
7827
9043
5798
1801
23958
887
3047
12480
30260
17676
17655
24218
22440
9264
22982
5810
9394
3645
30652
24631
4609
17333
30409
27732
9281
1335
3824
13161
4373
10972
11721
11028
27143
15868
8925
5167
13481
5300
5344
31119
24594
11915
27048
4514
14618
15003
27415
7114
29987
12208
17754
25658
16471
14012
23212
2897
30024
895
24242
23477
31684
5608
17750
3956
11014
63
31719
9219
28592
15698
15682
18914
9392
7442
21721
32011
23895
15724
9062
10891
29238
6086
6451
23673
20503
3962
6718
9767
6235
18375
10828
5616
28917
25786
20581
22419
9149
29446
12272
21331
30860
20749
27478
27245
13762
4560
12696
12136
15440
23743
6803
23930
16414
10155
11603
16430
2886
23780
12634
11922
32573
16822
21419
13260
207
26104
24138
20334
9730
12067
20381
117
14997
14627
24368
20447
5229
12945
11320
5639
3059
9142
9200
499
21147
26297
23488
151
7225
17696
16699
5433
10864
8587
2925
10005
380
30700
14653
18251
30905
5278
13233
17216
25005
30627
16308
25702
9976
3596
1681
12824
29781
28377
24682
30368
17387
10545
27773
14586
18096
14622
32441
19272
11158
23995
16431
3153
3916
14145
14620
22493
19046
12781
6507
29851
22186
8041
15601
19089
20169
20753
8697
150
12016
2586
18804
20567
15289
21524
5450
5443
15909
5644
22489
17254
25321
10464
6889
20295
17654
16228
30575
29430
9428
26190
13400
9590
14904
26829
22727
16326
12269
13754
4047
23971
29968
30860
26336
8371
11560
7598
2905
369
26495
26158
20108
32419
32163
26695
29436
14723
20456
21414
8842
4923
5303
2640
595
10586
27611
24888
26155
28980
28055
19839
22055
12219
3735
1715
11873
21112
21262
12638
15338
11341
21676
15319
8366
32734
427
25380
28847
26161
29026
30236
2933
29756
608
30645
5038
6342
30173
15949
24470
21824
13288
18918
17227
13082
933
32451
15947
22406
17293
1367
27326
10980
22646
20443
22812
6058
17870
12781
8721
496
14135
617
29565
7262
25429
9765
18698
18505
10664
22517
4395
14253
1857
30591
17426
31422
2092
7617
13288
10389
17025
6035
6
4010
4191
6221
26389
31491
19385
19837
18668
2968
12768
29022
7434
7963
20998
4739
21324
6531
7639
17621
18474
27589
1702
30705
10813
19672
15600
9158
1007
11607
22396
11099
1547
13252
30093
14349
30508
1121
11453
32767
7424
17219
899
11936
628
28719
32332
6136
18357
8794
23836
12192
17292
18966
23988
4629
1231
28509
24018
27334
19590
22744
15035
26209
11862
27961
15006
3374
870
17665
6491
11609
8212
4203
5823
16546
8548
27490
15610
29105
29397
6042
24285
2863
28191
21915
14949
27621
6889
1526
23072
6133
5983
18929
1035
13722
21718
30148
15378
12947
11595
14481
21845
9520
4896
28851
27156
1644
8315
3578
25388
17711
5430
1761
23359
1425
9779
24664
13056
22385
3647
14836
3613
15333
12168
25099
9251
8801
9419
28910
25289
10330
4327
25730
21764
30833
25279
12389
32365
27492
15388
1144
512
16840
21395
32056
17953
30660
4541
15419
10905
5364
18
7888
31859
435
14075
20284
8240
32650
140
18682
21380
5588
18982
30758
30630
9168
28916
2726
7581
8094
8744
5049
21401
31362
32681
6861
11670
7429
24063
24626
32174
4419
21690
26029
17791
11475
18305
31200
21131
1160
6682
27078
10315
31786
10036
14512
18017
24037
6682
21803
31570
22090
15650
18482
15431
2735
18354
31614
30963
3014
14417
18246
10672
18625
7485
9580
18527
13067
29846
12902
6298
27625
5255
9193
28512
5159
19972
23653
15870
1313
32540
6772
18549
9684
30975
10618
1539
22464
10008
19072
27207
23024
19927
31783
29021
3314
14840
12937
8959
13598
9835
30277
1781
14116
19258
27429
8860
23741
8621
26736
3063
10425
8425
11352
25341
32610
18332
15323
17492
26819
19206
5121
32410
31528
3782
16511
20588
3061
1404
16010
12698
8367
1897
5936
10351
32595
6646
25902
17032
12586
21559
2386
15635
8256
19954
30036
8960
22126
30962
2489
23057
11865
22925
7674
24063
3412
6715
5847
30905
4026
10326
31314
31223
27456
31298
5301
19722
22768
9769
11796
15606
5202
10263
28111
16002
5024
19451
28278
21690
705
22985
1248
26833
16225
5058
21967
3517
19516
30067
19520
6427
10446
28985
31643
2840
30681
25092
19112
5965
22961
21175
24818
26102
23563
9770
31811
19159
626
19833
30186
108
7474
32600
32737
20544
11903
31440
15413
24210
13726
7702
4698
10725
27901
22477
5513
11084
1239
17572
7655
31767
30473
16765
13565
21216
1068
15620
25390
28625
27474
14408
4093
16489
1302
24919
28178
29045
1838
5399
26813
4622
26818
1612
3457
23106
31909
26066
17623
18668
14472
25142
17326
27441
25537
6205
28435
2365
24259
20400
11681
27261
27013
26218
5090
7947
1467
10736
13176
18503
2570
29860
2699
21936
15357
192
32714
20057
12269
19286
22970
24476
14729
7047
3425
30891
25104
8646
5559
31
29310
22095
15457
30849
12070
30301
27488
10098
2085
32368
25365
17820
22488
18666
2454
22146
26290
10489
5711
18736
5037
31300
8160
25722
25056
19702
28524
8420
29574
21382
17379
4689
647
1047
1589
3902
23234
31658
13778
29699
28218
2870
27011
10962
28325
12544
23514
28824
29866
9910
15854
31217
10241
23059
9662
18190
32261
609
29911
30931
9158
32637
3900
17746
25757
4403
4318
19704
32206
9849
5047
17236
5284
28436
29075
27871
7780
1417
3952
24951
10828
22592
29447
7788
28512
6991
16038
29073
30378
12391
22779
23442
10398
9244
7502
14302
2323
26507
3859
23552
17671
15632
19508
26619
15746
23843
27536
12587
16174
17806
18472
9737
28266
20491
2829
2493
16276
28296
13077
16617
19141
21742
32316
17224
23278
8984
9689
32284
13991
3548
6745
15335
202
31021
18249
3415
24171
29106
31564
17395
19323
22108
1277
21930
5966
17507
24958
11763
28896
13554
28616
28504
25504
28903
9153
24838
19983
32176
4385
26448
12354
5335
26514
17483
3003
7596
24430
24619
13043
12340
11260
21102
7727
12876
17937
25734
28697
28338
11205
20638
22930
23749
28979
22904
30225
8036
14813
3331
18689
3
16604
3864
9263
22315
4983
5979
20821
20853
13409
8060
7841
28764
24572
5477
29131
28098
21127
16642
9544
6425
31491
6841
11800
4954
29373
4316
1673
15764
20805
3378
31499
19016
25019
31438
32299
21247
13233
1005
1406
8944
4186
7505
28284
18287
25423
30737
21792
577
18328
18618
11886
21477
31025
5587
3594
28756
19194
16872
12684
28872
1327
1625
4089
1258
20372
18466
21092
20797
1032
23775
2419
6220
24256
20414
10038
18084
3602
6335
2266
2295
362
1679
545
21944
5745
4111
29043
24804
18190
11584
24173
548
9978
16946
11005
31347
7203
22911
15186
13219
23989
11816
28236
27287
9276
28201
2165
4696
15726
10877
7437
29405
16639
3788
32032
9345
32129
12239
23556
14924
26020
25776
1016
19525
4743
12277
25119
25660
20495
8925
6486
1851
23096
24082
22991
19877
19565
18136
15249
5650
21227
27712
2600
20189
1164
26141
28806
27129
32598
2373
7042
23650
27791
7232
18940
26323
14678
10266
24344
19758
25270
14996
567
17560
27184
4329
27039
22395
1139
27284
21499
15849
30426
27688
19403
22111
17400
14639
32014
29315
31912
19815
754
32371
28709
26770
28799
30904
20305
11728
22365
26890
1965
6860
25700
3652
23392
24047
37
3059
8522
5640
18672
23172
7895
29991
1857
9226
25356
12999
9013
16306
10498
2543
3962
22748
2026
354
3294
16172
4653
2649
724
31235
16865
6626
25638
21622
14925
15259
7811
21835
7673
24695
18374
15902
18052
17319
30347
15410
29810
16495
1583
21943
25237
4049
8724
9675
20078
16337
27419
30193
28133
6054
23312
24632
10395
23397
9638
8302
24469
4462
15676
28031
11036
19278
20800
23551
14628
25583
12632
12113
6640
4696
15994
6400
28290
21120
18699
13679
9310
21809
14628
28270
25481
22608
21369
12750
24616
21835
28007
17335
24576
11473
22361
14281
20859
18026
31280
13496
15771
27138
16717
17991
27565
4774
18550
26683
880
23364
26119
530
3291
17522
25790
20955
25656
25055
27893
21628
19998
21545
21571
7300
12912
26164
11228
31666
27340
26755
28703
29441
22572
30763
8431
8541
16
23039
28805
27910
14021
13938
5262
22541
28849
26181
16904
13865
8725
27520
30789
10098
26993
29984
15925
2160
6122
11317
20049
24458
18053
10780
3924
23371
30234
18626
2368
1561
19689
18090
959
8476
6154
20178
2119
27486
19396
6492
7679
5213
21549
8910
9066
28083
26600
30408
5760
22560
19302
26037
19455
11363
11702
12353
13140
31538
24356
12471
9354
22444
7209
6451
3658
12834
455
26023
25987
22810
16281
13530
20032
30008
8211
3624
29972
24783
24048
31282
13263
18727
375
25937
15615
28049
18016
6896
29251
27297
8733
12995
14918
20718
26854
15129
16290
15804
27252
23144
31276
27910
21554
16024
10575
21432
16094
1851
23019
2488
6714
2011
9007
14772
20876
28998
13818
16418
9719
12359
16069
32484
27129
7283
20854
19569
31421
11287
7123
11869
13696
10730
14204
3867
25202
24613
19184
25072
9733
17721
1514
17301
3490
22160
4126
29129
22369
29692
20739
5621
4293
20615
19933
24138
21994
18622
11556
28921
20669
14836
7983
17495
10347
11709
15089
23660
1274
4949
24300
19532
5809
10987
9507
7390
31108
32679
9031
12041
5210
17682
7524
21584
25580
9027
25902
12141
13916
3939
1695
13251
28880
15968
4755
19708
627
15451
1632
15465
11773
13422
84
25092
21293
28487
7802
419
23296
29382
28177
18912
21899
24451
24996
27601
18218
16007
647
18123
16208
1460
18531
20162
13079
13013
2390
22141
411
28012
214
32381
9080
22588
10935
30527
30394
10790
18034
3211
26012
29988
12348
24797
31475
17411
7278
7734
14023
29124
24959
20114
25338
5182
30218
15637
32652
5020
20988
30507
9472
4481
19447
5163
5043
2546
31088
9047
6406
28289
14034
22770
31123
14932
24422
26857
21579
29795
13850
26496
12222
25543
11874
24379
26275
13927
10917
3667
13915
23068
8275
986
42
16812
5132
31176
12555
8269
6708
4882
24053
27537
14738
25246
25820
19217
28410
16976
32633
16343
5827
24231
30317
8094
18056
15550
660
28559
10638
18023
3138
8707
16803
26359
24657
20930
27209
16781
4138
28108
12835
9952
21178
8803
937
20530
10133
22589
24844
15782
20467
23645
32232
23919
28343
25338
1828
2208
23415
29410
28012
20682
27285
14248
4353
712
29596
5253
13123
6935
26805
31250
20729
17163
4514
13835
15666
18567
27554
25175
29553
16977
14243
32706
9287
17064
18106
422
23955
19907
6116
24263
30833
28978
4248
22510
21423
30240
30524
11829
6778
1903
29934
8192
18932
23268
10359
7602
26413
3036
21759
15419
5526
11146
32034
28182
2878
21755
12543
24429
25402
10233
5457
389
4393
21061
32292
24600
20604
18954
25196
29046
24387
11261
10565
6506
5960
28822
22003
22579
19889
9180
20096
27332
26068
10134
14280
9946
32410
1776
3372
22969
986
8316
11477
21353
4317
24120
27383
2986
17293
5058
9205
7953
29997
9712
7769
12786
16890
7626
9741
7223
11531
22560
29609
16146
28577
6991
1443
11170
14070
20835
16237
12444
15000
11921
26727
21499
24279
16292
30996
31006
9729
24233
17719
26444
6148
18364
20356
29369
21907
18274
2495
31469
22568
20585
11726
9455
27094
15494
16025
21585
12285
24935
18258
27876
11600
458
1882
1530
21649
9974
24603
8598
26582
8114
15134
20603
24193
6874
19770
23144
19789
23269
25321
6096
23582
435
17191
1609
15304
25024
15968
2514
18079
13798
32548
24717
4494
13537
28807
15978
32069
21830
13716
29645
1100
32497
29641
19338
9173
31222
22373
22875
9079
28805
9310
30001
20409
25545
30147
771
23148
8619
22340
21242
2574
1903
13349
22552
13287
16354
31012
17655
20449
1537
8784
26767
9604
25074
15259
27050
6044
8735
7158
232
28513
17460
1156
28973
18771
19549
8429
10657
17116
19635
835
19490
19440
10410
9359
13142
28876
9079
19567
31619
1205
4450
32280
19114
15482
11667
4791
27543
12417
18851
12945
21504
17400
16346
12517
12032
5103
22862
8795
17706
14721
7678
5563
7531
4419
26239
7183
7565
18135
25003
212
9064
7015
27103
6069
19673
24772
22022
30151
7821
15113
26231
19380
11101
25628
17938
1876
20471
29849
9092
30705
16000
7125
22708
25886
8615
16845
1535
28860
4481
10326
19890
19218
18245
7153
16910
8994
18567
12278
5372
28713
4758
19015
16300
10373
20745
5719
10391
13679
1034
10468
13830
19439
13435
17954
13696
5793
9142
7202
15397
20825
16325
556
3177
9416
20925
8843
31316
23270
5551
5687
30135
25465
17086
2035
8742
16379
24103
886
21204
6390
28659
29405
8886
7410
24650
544
8475
10317
24324
20470
15587
20908
21028
26347
32402
1155
16094
3303
6640
26468
22548
21402
5867
23531
2729
3858
32008
23538
28398
15594
25989
11766
1388
19943
19915
25566
31276
24508
1338
7918
9365
30474
31085
20515
3193
6927
21653
2700
15446
9582
726
5340
19700
11736
21741
16792
13821
21337
18168
3063
22322
25990
4927
30198
8091
29220
22396
1726
27163
14461
9785
15027
11430
23480
17177
5957
27908
16303
28188
28057
18459
19277
3991
28940
30878
17614
11859
15074
4952
28421
26304
9109
27682
12222
31959
14128
27877
4073
25975
1838
23893
24355
28143
5557
3586
19477
18283
6113
22249
23369
27484
26893
17007
21683
16050
3045
30999
21060
8070
198
24799
1869
6783
19002
27477
11224
14090
4291
19383
17942
26631
24942
8306
25519
25998
4733
26855
20079
3889
10569
31440
11589
3107
15467
9714
11787
31074
28740
10200
18262
29466
11654
29290
8183
27902
14548
3412
4681
11759
8583
25280
20963
27796
20117
25824
15766
11299
16328
11944
32655
16326
20943
11984
20235
18229
23461
467
4162
24179
19550
32737
20328
1573
17904
20287
11155
6099
32616
29651
3018
3381
19948
7266
20750
22321
23078
17367
2105
25995
21020
27875
25960
13006
870
19119
4339
3548
29155
21500
26577
20686
23929
24034
18253
26730
23923
27290
26020
2537
20103
8366
13376
30383
30709
3472
2276
16945
8927
23607
18626
399
28437
4764
25133
665
3057
6633
22756
28058
26892
15463
13690
20495
5407
19561
3387
27909
7376
4565
29411
11279
32104
24618
13140
14195
6844
5335
502
30188
13128
9118
512
21951
2660
25474
30344
15857
14589
25602
26872
32350
6137
24495
16848
4536
32051
9873
14805
2820
31014
27877
32194
30265
9133
28249
3924
32439
13760
15109
10161
17610
12407
27599
13056
2972
6129
19676
22329
20763
27242
24723
7813
2850
15350
22166
31840
18612
27249
24912
16807
5741
32505
914
10887
1600
288
4150
24200
5676
24209
16077
542
28437
4789
19316
17911
23762
16462
14162
18173
5901
23090
32526
31603
20931
10439
15503
4096
22497
859
5657
4882
24435
18972
22092
14108
13241
10502
13291
15234
8531
12770
25813
30394
1843
6629
27587
18943
32003
9011
470
3728
7640
29423
24329
203
22228
23801
27334
19541
27586
16484
30004
6846
11136
9446
11794
25484
6016
21594
18950
19202
31871
253
15768
10054
18390
449
30417
8383
17087
29687
11380
15911
9021
9143
29139
4160
24229
15655
31296
15617
12449
21466
792
26971
5968
20730
11635
10170
10492
23838
30561
13322
28371
25776
20366
13189
17398
27457
20793
26323
7697
12178
25953
18316
18400
27851
3382
20438
13404
25915
25507
29482
11695
26597
27225
4341
9018
2583
21987
16196
30451
12707
16882
29007
30374
0
13107
28539
15067
15331
16409
2813
22610
28231
5356
25309
26173
25685
32114
19610
26010
4568
8101
22315
14032
18524
15301
21864
23343
24360
30486
32195
17432
7534
4387
5378
19575
4222
2727
24422
18463
18081
17009
15857
21959
17223
20624
9537
17981
7580
4099
23218
20534
15835
19911
18851
7360
9427
21936
5936
18840
13869
24949
20400
18910
29177
395
1390
930
25733
32023
32315
28404
28211
6433
26311
27690
9457
28275
7483
25563
15680
20744
12169
9337
18217
31798
30622
2186
6499
5190
11278
8558
4810
26765
30950
27375
6534
17622
22183
17888
6907
17625
6234
7814
26464
23587
22032
428
9874
18195
1901
24561
7980
5007
18900
17298
30995
10105
22194
6879
29152
6631
27279
5079
1844
13628
4528
29752
15150
11280
8283
19392
17926
1681
13678
8186
26301
12987
19553
14061
1079
4442
28486
27477
15243
21363
21792
13076
12673
21751
8965
2235
1990
6563
24817
21830
27418
24317
10081
15519
6322
5310
29508
25859
16086
16084
10830
13237
4959
111
7611
22063
25983
19644
27417
8441
3763
20010
25194
5847
17632
30989
3707
24612
17406
19765
851
7305
14167
20353
25826
32580
26727
22047
29302
6278
12303
12003
2810
9752
10428
16844
24247
20940
6000
28643
24589
15809
9891
8246
17934
488
4619
5522
29402
2610
21886
10284
13941
8194
20605
23951
18463
21478
21468
25936
20868
1809
32031
15078
26779
22919
21205
30757
2458
24255
5839
17363
11838
13917
7117
31424
30039
9255
20867
7119
10523
3847
4824
4255
10783
19936
10045
5188
15684
6865
32407
22171
24959
22727
18266
7265
15249
15920
10320
20816
31137
879
28172
2215
12402
25
9811
30391
31766
28928
22626
704
7939
9774
27598
13100
4130
20013
531
17973
18482
15419
7445
30899
8754
13788
26517
20538
17845
30901
15289
21587
11271
8016
27704
15543
17643
8050
32172
25932
11738
16220
31895
28616
3298
6072
15044
27050
15307
4209
27037
13926
7358
17919
6656
1320
30325
29843
32417
12597
19909
26654
4384
3657
24621
5805
25511
26803
2624
14058
13774
23382
32538
25098
708
25053
29779
9744
10901
11953
22648
15486
10522
7315
8617
9905
1332
6239
27188
6311
7337
3264
30201
19639
217
4254
9840
17399
31302
30403
5618
25561
9390
29607
13056
4046
3674
14187
9762
19921
28108
30536
28418
16888
21899
14493
14473
10593
4526
6770
14065
30110
18601
19118
5142
14395
7406
10311
20994
9626
20355
26899
12504
14042
29539
11746
6687
23951
2410
31362
1188
30194
13209
25959
16324
17507
2676
25129
12111
19149
9947
23973
4764
28614
29279
10520
15861
14150
28236
17845
2500
27233
32092
7719
18030
4838
29555
4948
6439
293
6870
29000
19990
26686
12551
9648
23864
29725
13117
7836
15647
19421
8748
17071
30286
17047
14782
6675
28188
20520
17773
3381
16311
18168
29866
21406
26973
31022
28464
26212
30253
10111
18622
27004
22952
7267
10640
22229
22420
9301
12309
26930
16496
20807
3195
6597
22443
5761
10538
21581
13820
21980
29993
4722
3661
15883
4012
6148
1308
11434
6575
15861
19332
27172
4273
6207
6722
3548
30706
23940
22457
23253
21863
31437
7220
24965
3650
5144
7828
7293
1069
30148
25686
7730
2865
11091
20871
9751
21559
28732
5920
10889
27897
12535
29488
6433
723
21666
15481
28985
6343
21851
11227
8712
12474
30361
20492
25520
461
29345
10080
7453
32558
11818
29381
25361
11318
17272
4682
21747
4133
5708
31236
21501
12674
2341
7753
22175
18582
14679
8071
10324
1468
8645
32139
4447
21955
12787
28407
13299
1183
12932
5726
30267
8073
30271
15588
21066
13600
9313
17964
6930
30973
31407
11705
13159
16426
32405
28854
16807
24538
25605
13912
18035
31594
16885
3086
13088
1738
22775
1457
12418
18867
22537
31834
5096
11519
18252
24272
886
7828
4844
8119
13392
9867
3091
23446
12583
14507
19012
22804
5474
11659
31969
23034
29023
13786
14803
26726
22422
27951
26205
12546
7671
31064
29480
22192
6289
13273
5717
10721
14745
2840
32139
15652
6187
19586
15518
22173
2480
9836
23007
18563
21873
12290
12914
5737
3201
18514
21814
26404
5617
4995
28222
11641
13038
5095
27127
3577
23926
19579
2774
11338
10529
8801
12479
4404
14664
20195
1857
13081
18610
17333
4884
14342
32586
15541
18014
9708
16619
29496
14012
27861
8293
27336
25673
12980
7137
15699
5213
2074
22761
24186
23012
20656
19110
10179
30770
21380
19394
14426
2322
18789
9111
11342
14627
30768
25781
5912
9207
14261
1433
8147
115
20961
30800
8126
9186
3079
13210
23889
31004
17466
32252
25814
7539
30977
15340
303
3525
32412
12425
164
30336
20891
3526
22442
11595
6601
19125
20620
25174
2237
20110
19396
13203
17083
6798
10232
1669
9758
10794
12319
27965
19668
2395
7192
18504
2947
16744
22407
20377
22142
9555
4935
5788
25080
7553
24030
29943
24068
26060
23783
26871
21588
16662
15061
22323
30137
20594
25707
32739
19753
10193
17783
19143
32331
8294
13261
19101
32729
24077
4852
23024
21186
32308
29304
26704
17954
1888
7852
7076
29963
23392
17049
12443
31162
7041
9528
8966
25249
13670
10654
10053
5462
30835
23418
29809
9166
31446
21891
28360
24399
5680
13299
13983
23996
28787
18293
9026
1939
7607
177
29673
1476
2788
14618
12254
30268
5135
23429
19154
25680
2723
5706
9636
2210
32105
22557
29991
19507
18365
12924
19299
8851
306
14917
28317
43
1806
10236
15326
18898
765
22706
178
30944
13746
31223
18607
5692
7259
15318
31948
29331
18060
14516
29804
51
3646
3321
23745
30680
7123
8763
8849
2344
31759
16696
20553
20252
29630
8324
618
25514
14211
9956
22333
21758
7170
29277
12826
19898
8359
20050
4620
25494
19220
10372
15824
2444
5029
31447
274
30210
15334
2860
25679
6928
28956
12931
2263
20085
1558
30233
27555
6987
1003
27345
6286
14937
21596
26087
7761
18345
24467
32438
23008
28497
6381
13350
7968
30003
10017
8289
6343
13764
9081
24433
12689
13720
12134
10923
28220
8007
16806
30541
15083
27803
23403
22095
4883
20538
6085
24733
5160
10754
25252
29313
18405
29669
29734
11552
6623
17934
3219
2618
24174
12036
31814
17687
24078
9004
26134
13555
23041
7009
25811
16127
27299
7302
19445
11699
24796
802
133
12598
31247
674
12001
25086
1302
6922
23926
31502
25432
7034
16402
7016
18034
8048
18579
4446
14528
11670
13534
28093
5151
488
25449
4121
12972
31805
19911
22652
30929
17728
15553
17304
9240
10926
20283
28714
32532
22664
10157
6373
6726
2113
12143
13094
26689
13902
20915
87
21879
28362
23346
24600
11604
2268
27911
10510
11019
1176
5561
3532
406
26333
6601
3910
10280
27427
19265
7613
20156
19224
23624
13738
23180
29005
189
29894
30157
32193
726
15048
31120
32314
29054
18224
3651
23991
7932
27924
8487
9056
4349
3417
8152
31999
4718
26076
19456
19061
4827
31741
8311
25917
9789
5471
10984
7655
11241
2973
23206
20533
29974
2260
10972
32606
11143
6492
6162
10957
22103
24541
14973
23891
10487
21470
630
24197
20718
9274
27792
14943
13650
23359
191
17923
11683
24725
17959
618
13917
18215
25150
19088
864
13812
17649
23135
5712
5973
19706
7528
7300
15397
25365
17123
14336
17138
4224
7316
4123
23505
17617
9697
13110
14688
9705
26009
25311
13914
4431
19251
995
31024
4522
7119
11798
29037
11356
29226
25386
8788
15274
13300
27044
8688
21120
846
26314
23810
31361
23440
6424
7670
16449
5428
12689
29331
13782
10171
21304
8173
13009
11739
27426
1755
21797
12888
1128
20355
9367
13847
735
32749
26613
23511
19336
24984
1323
18816
2635
18514
10779
1563
5152
24599
15609
30750
11525
9251
24428
21024
22462
22204
14349
4677
22715
6400
32565
5571
23280
15325
31856
4691
27278
1742
23800
24345
4612
31721
11300
5106
11402
28398
9168
25213
29037
23532
9678
27659
8094
6414
12007
1683
31285
16978
14911
7038
11310
23128
3696
9932
7969
4361
12539
5072
14489
31743
1958
4874
19974
32290
26652
24509
18383
29024
10883
27161
16534
21265
21283
12787
20953
14177
26466
9651
17135
25347
19725
18523
3599
24665
25800
9273
99
2384
17332
27646
14850
7464
31596
22216
27185
5757
19741
15238
30973
6721
27502
14297
1937
2650
3573
16345
16654
18577
25609
5095
7744
9119
26224
14264
9822
27068
1842
4533
7285
13293
16984
7780
94
642
7554
1531
18327
5887
1666
19932
27544
16805
17471
30992
26479
8379
603
27331
26199
28301
29165
10195
13122
28423
10191
17913
25766
23005
29142
9698
3431
3969
23801
1837
3826
26489
29361
9727
32198
26394
31790
7273
18776
28688
10032
6052
20056
18198
29447
7857
19169
12395
11604
1678
28819
8251
15368
19108
14313
24393
13425
13742
14630
14871
18586
9138
20360
9498
8573
23263
13910
27874
7942
30092
23763
15720
8748
31967
9323
5945
3247
12704
32246
16907
29326
139
27376
27793
9979
1365
32512
30881
5591
22776
28116
14609
14136
32227
12740
24248
8023
13287
6661
11703
32129
9091
32454
21313
22108
26279
1683
32633
8709
29832
23469
22290
11473
17636
17094
2871
24609
5482
25052
10144
23392
9650
29953
26650
7175
26470
13492
31070
30785
1979
29166
12601
12352
15541
11998
26969
18474
23729
11383
27016
25589
32126
3690
31591
8520
3813
21551
25226
14957
9701
7754
27959
20503
9202
17380
13633
22651
15781
3661
15636
26992
8003
24102
14834
1178
9849
20520
2095
15130
15385
27229
11958
12445
25236
29046
21668
10961
458
18730
24699
8768
29754
31985
30746
5164
27560
11859
11395
9803
23437
5355
20829
2731
27880
4531
5341
4821
5235
17870
13253
2860
25474
29360
13919
20734
22814
126
1164
7038
10135
18549
20745
14677
18634
26356
24099
28148
3225
21853
24399
14915
5684
15894
30748
9313
14884
10681
15220
12254
31394
17916
2090
14459
31829
20958
12525
13284
18787
18631
28804
12709
9351
28713
8626
32347
23768
8455
24405
24683
22418
10719
20768
20347
23358
19564
19924
13519
18512
7248
16734
24924
16294
3882
3201
1890
1589
24051
1689
16024
29115
15608
2311
16566
13182
13435
6968
30491
14294
30800
20162
23376
12435
28908
31549
1697
7469
14991
26914
30435
32049
12591
28721
15209
4144
32450
29518
13027
25553
17209
30025
27914
28814
18753
2583
22301
14739
15070
11768
16569
11862
9501
31513
16362
26680
21590
22335
95
31301
5746
27275
28782
25224
16372
17952
15548
1772
3941
31777
16772
31588
10894
2196
14876
8013
6773
12016
4112
30544
29062
9880
444
31733
3682
3381
19378
24291
26366
6351
29905
30028
18075
27497
9918
3834
13294
14346
22635
18338
3449
3910
14917
17490
299
6985
15093
7596
25773
29046
16493
12525
1334
25576
25352
23664
26775
10183
22034
22140
22329
4850
20939
31408
7208
27967
13865
12021
9328
21774
18147
22487
2069
23352
27873
10612
21988
15951
32366
19885
9715
14641
26705
21051
24305
26748
6478
10018
32267
21634
18642
19074
28883
13298
30662
19288
27963
24251
19720
19261
9434
19008
23017
3809
5582
5251
22821
32663
25390
31979
16175
8684
7679
19534
3449
20245
21086
2419
20891
6917
4448
27578
24063
26156
7948
12480
21989
4829
29579
3580
15421
23074
9772
32041
30120
10254
1365
22546
14112
488
25433
31263
22453
20862
13346
14766
9383
10257
10760
10346
18399
30259
8115
6960
7183
9938
13126
21862
9153
3422
8197
4429
20640
31102
23369
1490
3692
13017
21591
2945
26179
27587
7649
27482
9542
1730
25873
32755
31940
2276
18304
15204
11022
24954
1138
4198
2319
26187
20028
18241
6953
10676
3248
31713
5839
12323
20197
7721
3621
7036
17603
8457
8832
22008
14043
25942
23113
5629
3952
14786
23721
10159
7255
10014
9474
15030
8327
21262
17088
27260
4829
12164
14736
14994
25360
8994
13230
23805
24537
9649
5286
27913
13698
3583
19776
29542
21500
26289
17165
25377
4372
4473
3989
15965
6015
6031
7023
9373
25641
20563
30208
990
11590
1078
17020
22804
6170
24296
1545
24613
11252
1622
26103
2557
16241
23893
23197
26212
27334
5161
15458
18626
17182
3577
30268
2368
13684
20273
27472
589
17291
13947
8334
29185
31617
18964
22203
2020
32573
30884
23166
14133
486
30087
4161
28172
28944
23422
13896
17184
15354
23546
23424
14946
6336
14112
30785
3700
2120
4857
10847
13107
27396
9766
22831
1000
20375
24150
28213
32297
11313
24193
7613
13794
16806
14499
13131
28203
18079
28448
6549
9538
32384
14544
8936
4367
13663
13873
29526
26789
28921
2668
2034
21199
32344
24570
24184
20310
2119
27739
29344
16734
31168
31926
2533
2907
12939
27636
32024
13241
7117
19102
8792
10075
27815
32121
11262
793
7106
11259
7125
6674
3412
29916
7085
8671
25385
15723
21866
3905
949
29773
9737
10146
8555
20771
1328
32459
15953
29281
23599
29431
9548
10412
30875
444
3966
4541
8907
27011
15321
20590
29063
7847
13091
13799
7721
18820
12285
4096
7674
3382
23133
14975
9782
18220
3510
4200
15652
22709
23550
18497
9110
1514
1865
23114
7359
22462
