11022
21455
4415
4959
5763
16533
11343
3733
13669
31178
2073
7418
2154
14810
31234
8475
21166
2860
22646
30526
20919
28727
8108
28659
4645
5023
21467
18833
10831
1152
2683
30759
20178
8712
2488
12473
25604
24840
17989
8610
20679
13484
32644
12118
30115
16519
13114
20867
13589
26481
29968
7265
11966
16955
9987
28884
12567
21754
27273
7882
9221
15881
20861
16442
14442
28667
27965
17720
6864
20678
28974
8373
13406
29482
19263
31009
31424
11128
13651
16524
10472
28770
1282
29899
20484
22371
31942
22442
30708
28974
4236
24307
5277
30736
29453
22527
19225
24419
175
11641
7908
12291
17348
6112
26409
7761
25177
22236
32702
7376
17299
13570
27684
21877
27417
16209
30479
17136
465
24053
441
24561
24919
16020
32285
2236
16543
29064
18146
13845
29286
2945
12731
7106
15895
5153
2000
21020
22909
18845
23229
22343
29693
17839
31242
19716
7592
27310
11515
21434
18615
19411
479
6683
12606
2370
7595
25384
20052
5148
24590
21878
32581
12760
16600
21316
14391
15718
21406
11098
11258
27137
20379
21678
28740
7094
23634
29758
20480
19088
22097
23151
16154
11201
1295
22585
9564
9687
25551
22058
6322
29998
14164
8461
12180
5394
30397
26217
15260
18965
17383
31565
12882
18227
22197
23162
27436
12269
25740
17571
15489
930
2122
24936
24673
6600
13703
8830
30602
12351
11792
15925
26398
31098
658
96
16142
17045
11863
1824
16390
25750
14195
501
19738
3611
13215
4630
9932
361
26216
23550
10944
26252
17790
15676
14321
10929
22927
22904
24333
8718
6290
24069
19426
11263
25193
14827
25062
2658
15488
29033
162
27613
28080
14403
18957
2756
28866
7882
24293
15890
1851
6169
138
4171
22285
24720
30198
16183
6459
11298
6353
6760
28076
10059
8359
27357
4889
11841
29820
29948
2221
13437
23512
26458
27287
6282
25932
10636
22117
3014
4316
3762
29226
8408
19383
25872
9605
25531
17330
18092
25847
4659
12588
17219
28711
14920
11021
5423
7698
3847
30981
15169
13526
18560
17110
9292
24028
23950
3107
31668
16675
273
12742
32453
16082
31416
11038
4793
13701
18087
26092
9527
16240
13235
24828
26012
11757
346
17817
2340
9083
25431
1606
26826
28581
4864
9700
9049
14076
18110
25702
1709
23782
26518
4713
21180
25557
17665
27701
32691
29487
12850
4564
29752
21079
20196
24863
32631
12391
20846
20566
21642
14613
31524
7003
256
18047
27605
19357
15771
24337
23089
14779
20629
365
18244
24627
31853
2873
10565
24885
12503
28112
3090
26012
22879
13111
14932
6049
31471
8815
23751
1514
5637
30979
10418
17110
32502
10770
13239
25269
629
3167
23298
27463
21051
27170
24539
16740
9205
27492
21398
8095
26841
1845
2767
23198
12315
19269
24298
11075
20535
15654
24935
217
28957
6739
27835
7665
15917
21886
28637
19915
31947
29877
21213
3690
10741
28490
12835
4845
23031
23383
8998
15529
31298
14995
21300
15110
14679
25483
24076
17456
2135
7780
139
29145
1336
17060
24029
2036
3598
671
3231
9038
24095
4834
17187
4640
24798
24012
24924
20357
19855
512
20470
23742
31925
2690
7655
28670
7511
13539
5542
14346
11965
12620
16943
2689
6386
19392
13263
27390
4414
5232
1470
711
14262
2399
763
31988
17971
22883
16042
26382
9175
4857
10671
17590
2921
4792
22207
4127
26271
12372
7481
21906
29313
32158
31060
15593
14829
12952
31923
27978
4242
15510
392
10660
18236
14169
25531
1507
22016
10335
1004
2703
10094
3122
18538
17521
24040
24823
22906
29546
24052
32057
18483
10823
2686
2257
27954
24419
29221
10097
15481
14718
22591
1392
26653
16742
2224
31818
22625
19878
18970
16270
17148
28754
23015
18965
23796
4965
15629
16390
27831
7016
4530
3385
6056
14241
4104
3377
9594
558
18772
3468
20395
705
7711
21732
12846
3815
27990
18242
23473
12655
17246
11808
23788
29413
15686
22176
32514
9814
8166
12490
26594
22662
17390
3193
8068
26580
13134
8913
11923
6201
25804
25714
10901
27544
10779
13021
31641
21860
24007
602
21138
6784
27843
18361
7410
30897
29765
14557
11750
14508
23858
15131
11269
12115
11274
11603
15510
31297
14343
15992
25279
22581
21987
32741
3278
12167
5516
21339
31390
5391
3274
18886
13281
29859
31796
10919
27584
29467
7793
19851
13518
19143
927
4908
16296
18183
4214
33
10051
26325
5587
27951
9273
31226
13095
7932
6044
6098
13967
25027
12979
21525
13036
19921
3451
11755
10836
23631
1570
8195
526
23626
8280
1437
28058
19606
23454
1409
5051
8492
4150
27376
24742
1183
7890
11039
20245
12777
19813
4572
8611
4971
14712
872
22842
30386
12434
10237
20432
21360
26983
6748
22970
20789
22435
24976
20570
7092
14857
13442
24136
12408
6018
24755
8974
14500
12795
24261
10262
860
9584
10944
29537
4624
23690
2435
13578
29111
14545
11192
17874
23138
5515
7130
14412
26938
28407
31478
9096
5582
24983
18194
28722
26035
4510
10840
31113
31270
13232
11171
3301
7703
19928
20341
7878
14187
29293
5653
27226
14377
6715
31296
9176
31338
26838
12877
22668
24989
32675
18339
405
6006
17690
27211
18648
6046
25133
22215
6391
14839
13509
23908
22589
8044
24046
6789
17481
23384
133
4743
422
19076
5509
18907
5576
10437
2653
27871
31119
16150
17618
13792
16564
24476
465
12442
21354
8552
15024
12154
8759
1904
24070
616
26807
6095
17961
21591
28888
9554
24408
9008
31829
12906
13445
21450
3924
29794
14255
2855
18139
23771
29551
10291
9998
23261
21159
19504
1529
13462
6127
29895
14155
30167
11244
24035
28288
20059
8494
29353
11635
1268
2012
17629
19266
24059
27971
4600
6385
3871
18444
21874
17471
23407
6015
16871
3466
21373
25260
5875
29583
372
24229
22566
25689
16129
30602
28706
7451
29752
6572
16136
22620
1074
20771
20488
7965
32295
14975
524
14149
20085
1431
13930
8590
13136
19599
20329
32157
23258
1593
14733
12547
502
30052
17258
22987
7042
17852
29699
1010
22208
27216
32417
17330
18094
11271
8809
21625
23531
26410
26087
217
23606
338
12725
25667
2866
10004
6399
22772
20246
12419
21425
32070
31422
25163
21074
22491
18539
21361
18168
1777
11795
26907
647
1465
26108
10554
6985
14538
9392
25492
13960
13973
17819
2679
2494
28604
25528
17547
31885
13099
13904
9472
1478
5422
8785
31702
8425
25872
5382
13585
7336
12083
29222
16446
18905
23223
14132
18417
26512
17685
29690
10913
5714
28615
29056
18737
18580
5152
14199
8924
25153
17032
17756
8529
1766
1639
30869
29565
16928
32488
24002
19757
31890
20235
32693
19247
22584
10350
32349
3390
15529
27708
9661
24945
3078
9493
12330
21569
22632
21710
17664
26481
25010
10914
5763
9953
5638
21021
13799
11693
17734
31727
26187
30938
32371
32750
3542
4541
28353
6214
31848
15192
25629
25934
1915
31525
30887
29337
5713
25065
19509
23783
5489
10724
10074
3374
12906
13958
5821
31067
22960
22610
16744
13227
21488
13652
8702
28552
13895
17339
20528
15675
16569
30370
8092
27045
31636
5826
19642
14559
6133
16778
28618
320
21218
15864
15332
10905
32741
6923
14198
1252
27633
25053
7193
29437
21288
7266
8168
22517
28216
23986
31285
20972
27666
27349
17425
27064
12449
18767
296
5511
20618
25292
15242
26609
3770
3746
16090
13522
24243
3356
28295
18747
9460
32239
9382
21472
7858
1296
10986
25187
2465
9307
30779
10243
8653
13137
29314
26062
6588
14874
13278
24131
27506
8879
14658
10790
614
5098
8740
6658
8718
26349
31264
11350
14706
15221
18878
29074
15281
26889
3781
32383
4711
32649
24899
26541
22850
31531
31346
12763
4481
6461
32733
14669
29165
16696
12886
17895
22479
8138
7629
16737
15542
27241
5624
20164
20366
22099
26487
2283
27639
22717
31691
20353
29667
2344
31519
27260
31012
9490
8458
8188
24955
12213
21513
28610
26777
10678
9622
23908
15740
25916
26181
23068
22386
12411
23655
9064
5276
22328
12967
23513
19683
5830
9783
27238
5009
25829
14383
20814
743
18780
13296
1453
21868
16044
19679
1807
25727
24277
3926
24431
19028
13380
1706
5553
23250
29700
18894
19382
30525
24379
31865
21142
21429
20015
21537
3053
5280
10246
5962
8562
21215
29761
9873
12081
3996
11647
27013
19713
27561
2390
16030
24206
19509
15826
31324
4117
13458
22855
15410
31399
13153
31426
32005
22686
30418
8156
12710
686
31674
22575
26566
12924
2177
15324
30577
32459
21977
11346
27478
4314
18941
11818
28787
28056
10507
3284
10084
10300
31836
10141
26185
18094
27943
3408
30424
21229
17477
15581
30176
6446
8511
32673
10256
10271
8772
19321
16491
15174
8796
29428
11909
7971
18088
1795
17431
21034
12108
19740
20609
16926
6191
19005
32222
6350
17825
2165
18710
22525
26989
11860
7228
32386
15254
29001
3308
18412
16756
12720
5348
16064
12119
27108
1017
6301
29911
15386
27421
31900
15739
13158
12512
31709
15257
25314
6906
19416
25999
21294
17599
7755
7541
24444
14950
24448
8529
27531
17059
27443
15380
20585
563
8854
23897
30854
28742
16772
18181
16414
7078
20312
10234
18663
16179
8710
11975
16899
31715
30040
3827
6203
3593
14721
4795
26147
32163
2899
30987
10923
26420
25014
28977
3866
21647
4666
13667
3784
2275
19712
8119
31915
12276
29941
2414
16411
20462
25970
29725
28234
31411
26524
9238
4145
18911
9807
4656
23766
4617
19117
29510
18163
742
14332
22552
7412
4808
11121
28952
23864
32466
19333
5207
21756
10154
3486
2425
18836
28114
408
31531
6074
10374
24320
18552
18767
15609
28840
10217
18391
32634
10194
11262
895
27320
30513
32397
3486
37
6043
13675
26651
18053
23810
29342
8423
27200
21499
11900
21355
6317
28270
339
292
26640
15288
32739
7920
11811
8311
23071
26274
28640
4481
8344
7088
11083
28215
19071
23898
7586
26653
31796
31427
28987
30722
31880
30380
16878
30956
22378
23850
24595
28243
17339
17373
164
4347
12232
12335
31286
28387
28121
21474
9004
26901
31604
15660
17275
21156
26353
7499
18976
18448
10854
17099
11315
31490
32376
11995
19680
31761
16256
5757
7334
6238
19979
4595
27353
22030
8348
24603
4215
29080
28602
22958
27600
4200
26889
13742
30970
7941
10807
30908
11112
25815
32096
25922
11816
3533
13144
10296
26915
18699
22842
18184
6079
25443
5009
2361
19870
16240
13874
15256
29162
20294
31494
1597
25659
22280
944
25613
24230
19831
23563
15153
5828
21073
26484
17247
30908
32285
3703
31737
30550
23239
23757
1122
6053
16414
9157
7686
1288
19263
14046
11791
15737
22051
8366
15740
11445
20025
22700
25726
5209
23010
30731
32631
5265
5958
4765
31902
784
8242
28857
2168
19858
14349
2216
11267
9476
4763
22649
9407
32267
20624
24792
18187
21590
29223
15706
11332
10909
29829
24670
13769
16449
3725
28496
31551
11957
31278
1324
10047
22110
24433
29321
26140
2889
19494
29766
21357
24541
10811
27965
17673
17060
9502
18466
21985
29558
30023
31159
28144
23135
3405
10943
23329
26676
14751
3693
8961
24509
21336
20886
26660
6844
6705
21809
17349
6993
7101
7251
16561
26160
19079
25315
3337
31517
20823
30570
22972
1231
10186
19959
26392
22915
25263
22971
23746
23780
19124
30661
32486
18315
3482
12960
9851
25072
28451
29635
3321
14792
6350
13082
16239
25193
24342
5104
16168
23445
28099
18797
15711
8642
22920
6409
30049
19771
29892
2269
25387
23170
26194
6698
30405
15702
16081
32162
1580
3202
17661
18904
27778
31047
428
3188
211
13221
23672
20251
17114
1861
31802
14228
32303
25125
8948
28265
9097
8532
5264
15564
26020
5183
12357
17110
27324
26781
1711
13074
21744
14403
16397
18305
13861
8951
3067
2010
13574
24507
22460
17350
3630
23015
4073
2645
14932
8376
15020
9274
2690
30782
25604
10387
24130
27320
32601
21884
32391
30109
12757
12020
16158
18331
11663
31044
13993
3320
13140
20533
18710
13869
1420
32061
32261
4600
29591
13362
29726
15544
14307
8897
24680
10264
23542
10168
24510
20625
22801
30333
216
23500
8099
18942
26266
18422
2535
8776
20452
16413
8283
13807
28859
25862
10330
22859
9554
5845
17308
10705
18994
19600
29496
14380
7131
25104
26748
19199
5632
21551
2897
1566
28874
23406
2255
31107
567
21706
25012
24088
19575
23332
2838
21391
4968
15693
9900
13730
18931
30419
18745
5019
6848
25485
9072
9956
30733
31343
27570
6683
3305
17575
17672
20478
6156
21182
4147
1300
18922
10558
609
28002
13849
13393
3555
22683
28118
23817
12303
3197
23396
22069
5853
31141
6696
27557
28677
10132
13909
9944
2812
20476
28421
18414
19695
6682
3346
32055
17944
7154
19629
25163
20604
31227
95
29637
13948
15918
212
11680
19580
31489
31399
11799
875
23231
1500
18630
28598
17358
14186
581
21442
20889
25670
19669
8771
19190
29726
27423
26645
927
24247
19315
19064
417
4351
23348
25016
30921
14065
25063
5654
3355
21790
8540
14965
16683
16433
29100
27357
25980
32686
9281
21004
31173
27928
23950
28418
29639
16278
31596
9866
23613
3642
18603
5887
27938
16051
32013
6760
11302
6113
30316
24066
18874
11236
22579
8009
6999
8589
7037
2724
27059
20718
21527
30159
5109
31056
16988
23263
13857
1849
4389
12977
18231
32003
24478
29019
24332
2833
26045
21427
5303
18915
19922
7334
16591
27456
349
2472
11987
7871
16302
13126
15697
11171
20911
14490
3273
4099
15901
9596
19377
6960
12881
15437
17616
22417
31210
20157
20304
9663
12100
18275
29456
31894
19522
28069
29169
988
16395
1701
14585
17439
23825
7756
7937
4144
17479
22303
27969
28387
10466
12913
5931
31972
14524
23861
21755
18900
25159
16082
25701
20304
23475
32388
22676
24511
24980
21824
15112
20051
9754
17852
22151
32140
7391
31465
26370
6694
536
18093
10004
27770
4903
32708
4036
367
2536
1443
2560
1694
11923
6704
25230
10035
17627
31911
4403
23156
3948
17539
24354
10602
2921
9434
16925
23803
5707
11428
21130
22430
25051
15034
19181
7144
19613
18217
27525
17270
19079
19064
23576
11919
18619
24773
9517
20840
20739
22214
28601
29097
18568
9161
17878
13810
13019
2868
31124
28556
16064
15270
5521
28986
21892
5423
7276
1249
27253
26305
12928
16744
27748
194
14321
31873
24467
15244
20857
7667
21995
22798
20324
27597
28608
11302
3414
9409
11300
71
18715
16828
28598
14195
2760
21338
2812
16170
32206
11393
6015
26962
7238
32216
15374
21741
24387
12172
29692
29371
19776
6743
4979
28736
7470
22794
4530
19956
17496
16435
5571
1583
9092
14390
23723
15727
16271
26624
22284
26935
16233
30134
14684
31228
7934
953
20265
27932
26414
1160
15293
2611
30699
24728
671
7470
11238
15749
24053
3781
12398
12091
18154
28850
17937
2756
19734
6389
13585
12377
22855
7602
27164
31854
6013
15750
16436
8390
24961
2668
2563
28961
8722
28981
13978
18532
13236
15352
22707
21759
22203
30292
19982
15127
8845
13438
28333
17921
18517
23997
32726
2946
1727
13682
25486
429
17531
10326
23589
27272
16857
6024
28526
31705
26533
30099
11794
15739
8005
16181
6901
27920
30237
23390
29552
10549
7279
15040
1407
19577
12978
19443
8828
17522
22268
16029
17422
18569
16096
29656
8232
29454
27019
7509
20495
9015
287
7007
18697
22225
10535
20392
21940
2944
19324
28720
12175
7454
15430
27184
14140
11296
15036
12076
17045
29667
7470
25938
32464
15460
3473
18482
9777
18718
27708
27844
6102
28214
18278
631
31532
21874
5523
3183
13015
25562
11014
20224
3991
16652
1277
32269
20512
14984
5596
11970
13767
17748
2145
1849
2510
5153
8678
10444
27011
24839
2382
10878
19655
16623
6735
12200
18839
15953
2229
5244
13367
9705
2932
29105
6961
11191
29622
843
20121
29293
5185
5527
12629
3244
417
15922
22389
5806
10584
2050
31191
20451
5928
5488
17395
20113
31189
3639
7562
20227
19692
21656
19050
11441
2041
29331
10695
13653
9599
19254
23932
16743
26174
27555
30108
17633
421
19956
704
29866
12729
27834
19873
4840
30788
3987
1410
3107
13332
9768
20113
29738
10500
11629
8083
25699
19161
8064
12267
19719
28140
22848
26118
23895
15344
8928
20712
17962
14648
24044
26120
32763
9343
26461
16616
24973
10515
9916
25280
3437
2667
11754
30446
27402
16555
25212
20850
31670
10627
11237
4588
11353
12215
31805
20999
8368
28264
30588
17295
752
427
19644
24931
31869
17253
2153
13409
6623
26542
11296
3532
14457
25682
11409
22180
14246
7719
18424
20641
12745
22891
12215
28623
4086
28982
30479
25107
3393
12235
10103
27694
1585
11741
11635
6642
31196
2466
26038
7976
18945
32040
30355
2811
13666
26856
5886
18720
4040
11976
14041
6127
23776
28890
12559
25497
30443
16660
32541
10377
14417
18495
32513
25059
24943
842
13375
16664
26990
32107
30440
9965
2787
5105
29317
5694
23762
23049
2409
31608
26247
13624
22903
11724
31700
13708
20400
7109
28985
13189
7406
32370
12366
7934
14216
5872
7377
22442
24059
21176
26062
6594
17722
10639
16304
32198
20236
8555
11905
12190
26799
2745
19295
10373
7032
25043
20963
24378
26447
639
13740
24294
16231
25617
1715
12042
5321
13918
20679
32307
20926
23305
15605
1754
14600
28632
30118
10311
11428
23373
25846
23578
19153
15843
12251
30689
23678
20168
8934
16082
24912
14163
17275
24063
14787
21317
25625
19958
7951
22630
28851
14825
27203
31645
9425
24087
21311
9180
26318
22353
2900
9867
31218
26572
26271
27420
15082
20489
9224
1350
14050
29689
2576
3618
9083
29937
24174
30866
26997
23561
30513
1834
21549
15961
6267
25701
13882
247
26103
29934
1173
19475
14628
14303
23432
10379
6665
21543
10151
4612
16172
31542
2264
22268
18808
32435
15655
3158
11621
5150
3452
5198
4627
8415
15445
29501
28243
16704
6742
15059
3760
10703
12575
21219
29318
26411
12385
20318
1443
26288
7464
3389
25996
22691
5886
17131
6598
31958
6241
12175
30838
21057
24344
10406
12881
19730
14163
6515
13309
14115
7483
4719
24028
15149
30126
6574
32255
21376
8434
8398
28219
8934
19632
13026
6231
15994
2190
28949
27461
16229
21310
21902
1689
21135
1241
3458
10830
18901
27811
24301
26790
2178
26498
21048
5701
14681
14647
16218
13695
17190
14639
19769
19045
16125
8930
2996
19137
691
9097
32702
15609
4698
28844
10977
21298
1840
26221
27360
8465
11549
30335
19771
14402
4628
23850
12935
17020
13940
8136
7855
20852
16873
18186
15218
1513
9401
1071
12525
28749
26961
31472
3920
30303
8694
8915
15354
30530
30957
15693
7875
19641
17395
6835
2461
18671
30227
29128
25192
6069
1611
25350
5483
891
16405
1876
13898
24995
10370
5335
9710
7538
28349
13785
2577
25514
23406
16543
1762
24579
32295
6447
12034
31745
12203
8598
19945
20772
28754
8898
13227
27953
13954
24110
15936
11462
2257
5477
30356
28457
27997
10647
27401
4378
28964
9808
29139
31902
5157
11063
12937
13561
11125
5429
18435
3504
30397
19027
14459
31029
24862
25222
31789
28729
10406
21918
32298
20516
14579
16591
8995
7143
4331
16136
16541
31753
12078
28045
5222
17904
22806
15018
28309
4224
13501
19966
28432
4172
1643
25778
1890
32457
31671
31470
21424
32344
15444
16890
1505
32311
6060
24215
107
7616
12995
31065
12723
24219
16704
26186
23328
20149
8430
14909
19435
4642
31619
21793
10122
23471
26670
10922
19942
26117
22570
19882
5466
5513
28559
20201
728
4207
24719
10721
26893
332
12677
31142
6512
4099
10887
14937
27281
4974
9825
13822
17400
18305
27581
22510
24166
26751
28749
32338
19415
31055
27078
29455
32508
21579
27670
23165
7546
2796
11161
27495
8833
2770
5435
19464
14996
9022
12192
32301
11324
8318
3010
15975
8011
11395
20358
10251
18054
25685
23126
9814
20776
11098
2736
2798
27724
12559
6187
25459
4434
28350
2009
23793
3641
11148
32528
22331
28080
21408
3920
7798
31021
2999
24216
11559
1431
10743
28242
20380
20309
9227
28972
25721
32313
24587
3591
18722
11743
32028
23573
5656
15292
11667
13862
11064
3609
19812
17627
6525
24634
22569
4780
15510
27778
16171
19297
1357
5415
1929
31995
12795
19131
23359
13597
7009
11393
12716
4640
764
10228
29245
26539
1161
3966
30531
23485
21478
16576
12929
775
32611
31009
15950
3275
18191
2333
23047
26532
21853
23516
17423
16828
20779
24723
21565
21123
25580
850
25385
26642
2020
12303
5773
28089
31913
15000
24557
4328
9053
24513
30077
18893
3489
958
9262
28169
26338
20169
21154
1453
16347
379
16349
25353
30753
28574
13931
10000
5400
6090
16974
16854
6443
16426
16007
11831
304
22614
21981
11586
12068
14906
22903
1751
10760
22844
13948
26948
2029
18034
9363
4698
3121
22623
28412
32270
18277
16754
31074
24961
24528
29684
15442
14947
6397
8942
1586
4070
32121
7325
11509
19149
685
26772
22948
14346
5611
8378
27095
28548
12679
8892
19688
21305
23936
10280
18172
13970
3172
7930
6711
28601
15533
14014
5746
14174
28730
1517
24541
13513
17943
10294
29802
10463
8222
13935
32055
31495
13800
18429
15330
18790
14979
28281
6492
29573
25563
32497
2504
14990
8794
27069
12137
18759
30575
13931
20650
12930
19663
19688
18804
2184
7729
16244
16785
18345
9726
11256
11717
5309
15044
25047
24755
8717
22716
18298
21876
26092
2757
3752
29985
12191
26769
17179
2468
14513
26796
20163
11419
24526
11269
4721
22789
14744
22646
10149
28740
16086
26891
19625
4799
16107
5094
16736
21669
32500
12596
9825
26049
24425
11940
2073
8110
28328
5175
21550
12760
27112
3186
7183
13780
16569
7954
27826
21945
28169
1475
20931
6661
3378
7280
20409
28799
6827
17679
22847
11608
91
21036
26257
22986
16294
577
8613
8927
21611
5526
5988
23696
18273
21272
2888
18238
13940
12888
14915
13227
24105
22148
13385
26627
25181
29194
26405
2581
30917
5367
9261
8546
21174
22629
736
28566
24859
13447
2447
16550
27828
5331
2480
26415
2884
15759
2730
773
23305
19478
26885
9963
9346
3596
3088
18466
26121
15216
21963
14141
16548
2825
9123
8279
29061
31808
26780
13897
10071
15813
10865
13685
29024
12883
3404
3924
28172
30574
7821
25443
14050
27724
32400
14087
1772
16818
5541
29746
28607
16405
25999
21645
14329
24428
6765
8116
30762
9126
29157
25990
32018
1938
21822
14568
4234
28439
21908
23320
19505
16389
914
25597
1839
16760
1310
32359
18270
25011
23047
581
7806
21390
18837
11419
20942
29367
31533
28821
5317
10707
24709
32706
6304
25910
8319
24741
19285
9979
5247
30084
15559
4958
17685
24469
10941
5622
15075
7180
25444
29537
17334
18522
14522
82
6873
28441
30325
19337
11513
14532
4886
3383
9197
5781
2193
24744
29092
28765
24256
21611
25931
18473
32750
8819
11564
15828
24830
3603
26984
2911
28599
23377
16118
20583
5838
19875
20760
9888
18076
26929
13873
31562
17270
27226
12136
28752
21264
13539
15573
14009
20826
25775
14538
13699
24693
20058
17910
8150
16624
25775
26437
29672
9709
15059
9671
2354
10968
24806
32091
8100
23823
14331
10658
25337
25485
9418
2595
31034
6025
21605
10508
22072
26745
7134
1481
30123
3841
24799
1080
21850
19093
14275
19277
25777
16771
21067
21031
18814
7502
27330
13571
28717
7936
9637
21129
5707
27989
14752
31526
7118
26026
1696
14156
12768
8843
31279
27056
15493
10979
9412
6468
27718
26469
32142
31990
5661
9001
13633
15967
17798
23565
3850
29659
4327
7106
8371
11390
22472
24170
10800
11697
13543
12947
5580
30616
24972
8850
17947
22979
10638
1603
12774
30979
25103
7672
13908
6920
32131
2192
97
3491
24932
8763
21074
30180
11264
2758
20840
8359
3408
16184
487
5238
114
5040
8756
15848
21165
721
366
5244
11489
28286
32231
32526
3182
1589
24662
18218
11599
32745
30682
8516
13719
29188
27552
23588
32675
25934
617
32100
9324
20261
25
15914
11563
26903
21602
18969
8704
14345
5365
22203
8320
2724
19516
16796
22761
28391
16353
24836
27888
597
28211
30975
18772
31262
15164
24175
25801
31468
1472
16793
20479
9163
22585
12086
16094
11699
29144
15586
3915
18049
19646
476
14208
19035
20082
4788
19755
8222
26531
12333
26094
25696
18228
13867
7984
3556
31520
2589
11144
25601
4633
26429
5130
9969
28273
31269
1679
8747
24363
20235
18169
4861
20369
17538
22220
31058
549
27694
13313
32228
32021
26987
30749
13368
29776
14080
5927
6663
8861
7647
18662
10620
31133
16788
18654
22019
11148
5470
3602
18912
1768
31242
10741
25838
32324
18199
9436
4283
23955
5225
19405
7914
31020
4486
32519
4533
9256
24952
8438
6695
28035
20130
21886
30422
23511
8934
2429
22790
31530
24215
4573
15028
25049
31116
30264
24734
18967
22080
3969
20898
9311
20603
18469
1550
10640
7429
22371
18828
18054
2764
25075
18237
6362
25488
26074
1909
9892
13936
20504
17473
26678
32628
21125
16746
15206
28488
10788
2771
4835
1270
779
25854
17556
8406
16061
9680
13124
9770
3522
5472
11493
4159
13418
13094
19516
866
18346
15852
5094
32389
8166
6680
26838
4338
9622
27164
2444
6808
16458
26330
25452
30418
20267
4930
29533
1480
22722
32433
15414
24782
2311
21994
6797
17038
9962
24237
21399
1465
14359
5755
26691
26264
6092
3271
10096
12100
24668
20944
28664
15723
22811
17422
29384
29955
23342
26549
24687
6962
31631
5466
1945
13192
20286
22780
17789
11153
20403
28627
19630
30459
22585
8948
22873
23043
2903
1781
22723
25256
18483
5111
17461
11059
870
30015
9221
20895
27746
29536
11906
30136
24695
23712
24772
25322
22917
10726
11845
13465
20689
26890
28997
32550
14215
6345
17837
21655
26183
6484
11906
352
6861
21425
31303
15438
12980
3774
30033
13771
24864
283
24739
25616
1995
15034
30718
799
12946
28869
3651
25031
28197
21997
30729
17869
3237
13918
31344
4873
3826
17939
10909
7250
9106
10340
20271
30677
28960
27745
13467
25032
25179
9313
14302
27962
11034
25863
11031
18516
6419
20992
22610
28106
11233
7237
5094
1896
28001
13849
29140
24742
11048
19297
29074
26643
26978
29762
27870
32063
17802
19234
30883
19457
22166
26806
6148
19740
16913
24809
14973
29382
8012
29423
25602
18418
1619
20033
14870
21009
21969
754
4719
2970
12105
12085
24497
7119
12774
31022
27586
15424
25981
20499
16153
5026
19963
11520
21463
29240
26415
1843
25704
28571
14721
11828
21619
32316
11548
30625
27543
4726
25283
24900
30303
27202
14191
5552
4449
8362
705
30411
8707
5510
14903
27060
28186
15308
20253
19922
30777
18112
8475
1950
26074
2215
17574
4749
27037
128
11878
32549
3143
14744
10714
25136
10778
11454
28680
6154
630
25248
8356
19309
10321
32445
19379
21711
30132
31778
19947
15022
4660
18637
240
8507
18182
32322
1381
8989
11362
17480
32710
30824
24462
24952
27122
12497
31862
23431
2005
17431
7982
25141
28360
29849
21389
3651
25367
9689
32517
20645
6599
24433
6581
10402
25758
20076
26003
9624
17319
1320
21746
21115
28483
31051
26939
22691
24151
13664
16589
19303
16751
11729
16116
31747
355
21060
26463
13608
13897
9381
25047
4094
30096
8930
20387
28008
14856
25221
713
19242
2842
22062
23310
12470
17777
25184
28419
11188
23187
31735
22532
4928
2134
9125
9385
3574
22116
22964
23741
2660
22839
5740
25923
8572
17316
13685
5347
29583
28262
13225
29150
16623
2124
22814
10290
8711
13081
31907
28266
32564
19440
7618
14339
32332
22726
343
13805
22955
2562
29590
4677
18580
17089
11902
14666
29587
19940
14771
6764
19029
11307
28952
20341
7962
1372
20351
30869
4182
16613
5500
28587
10733
11332
3809
18294
17356
29517
8544
31648
15123
6447
13882
10528
18757
940
108
23169
12556
10694
9970
488
31081
15385
5601
25107
30231
7815
26874
21553
29366
23070
9369
24198
1812
6278
8165
21349
27510
25050
24854
5974
20491
705
6708
15474
11093
4418
25088
4316
30267
29605
30352
16701
5211
24225
29285
5976
18750
3524
26606
10566
26265
8561
4467
30076
21593
19232
12625
20460
4150
3596
8739
27694
1709
23009
32090
31432
28689
21632
26030
18478
29256
16190
6665
24023
1791
18846
24237
17818
4810
27419
21335
3168
11807
32654
16866
16149
5812
638
27775
4908
11454
22238
29154
32751
26238
1793
8962
4866
5458
17803
1481
13012
4836
2793
28524
13948
7640
31103
23820
20606
32131
1532
14592
17780
26810
10809
7025
15634
4576
3631
10456
20004
19613
714
9999
9130
20400
29099
27861
16079
12907
18715
18192
16545
6652
4933
26475
16188
6079
10300
6787
18057
31833
27589
26854
10486
30233
3328
17767
2548
30987
27918
18492
19036
23616
5388
14109
24302
13963
6534
4085
28629
16650
3843
11992
27387
20195
19684
28628
30663
18583
30034
8647
7294
171
22025
26148
6998
619
31247
20724
24409
19783
12443
19957
25425
23300
12558
26393
4123
25332
16540
9662
30910
3331
30389
18213
30472
18341
21292
18502
10645
5427
7978
19185
23596
4854
703
10444
32251
20255
25901
24233
21365
18262
25387
12510
14226
31806
4319
6217
26583
19950
22133
9775
30310
11072
23515
26245
27343
24628
22977
32346
13730
9064
2988
23581
8328
3353
20286
20623
22674
31454
17713
6223
1784
18722
14643
26866
24207
13440
8661
16968
702
24123
26940
8095
28910
23540
5920
2513
27633
31644
12922
23931
28329
10410
12036
30156
21847
11052
31701
958
8214
20439
1187
10164
28367
15870
24541
5434
25327
21540
6539
5752
21170
27463
3611
8430
6428
7587
2924
24968
131
11937
20510
5559
21593
22198
21962
29000
16088
28159
17624
4602
26171
27406
18567
10664
10408
25837
5299
22839
24799
11067
28342
21775
13327
3020
15898
21226
6733
16483
19466
6997
1210
21748
28275
26249
31180
8571
20985
30372
13571
7507
15393
28400
31279
19104
2674
5325
5568
32244
25048
25911
28475
19014
31166
12552
15067
3751
5678
1870
24242
26829
19311
18026
23671
10126
24443
18598
16201
9333
25405
19926
25837
8754
24281
24582
29508
9204
102
23205
29774
16515
768
18223
19083
18571
29672
32042
7661
12893
12651
15767
11087
13764
17279
3982
6092
31143
23346
13074
22231
8928
26810
19289
29955
741
14097
22127
14633
5037
31940
31928
17186
17322
29599
28985
24342
26842
14505
19823
24800
4651
28321
19891
9530
30982
23971
3577
17652
29250
13764
25033
26717
8709
6552
2463
10555
12948
409
16923
25888
6144
8197
14746
16016
26991
6559
15798
30154
24019
22365
4445
17590
8527
6085
4049
25095
31724
389
19517
22000
18683
30880
588
7334
18676
28652
28901
19549
13546
25477
20760
32098
15234
11386
1806
14131
29601
14378
29278
11533
12438
11120
17306
14749
28211
30097
13118
14648
13095
11261
20954
30092
30733
28189
18262
18352
17864
32320
13336
11504
6741
479
27180
12093
20245
2203
26471
10662
22315
4507
4693
26186
312
30843
19355
25693
23215
24985
24344
24901
20518
373
8437
22908
8036
30373
19495
30968
22070
24688
22080
1545
14162
5249
30475
26569
29371
16681
17416
18581
11487
7118
5049
30261
32375
683
15014
25892
11295
14103
1798
3502
28576
23983
45
7326
21653
26855
20732
726
24813
21249
3968
10672
30776
12162
11367
11283
10579
26871
30433
27653
21469
24576
7643
18333
22829
15079
30883
22081
10433
10696
25574
14001
17974
29404
16067
26627
8776
25849
6249
25922
16089
12071
17598
16061
8887
21478
4169
18898
7529
26573
9750
3226
19761
1143
12020
11775
25016
4873
16529
12796
9270
2916
25834
9297
6551
22138
31834
24871
19592
29807
21240
4331
20506
5176
29002
19607
32700
14468
16282
14182
10148
21289
30925
8085
9893
15380
26013
9904
13085
9248
7891
30369
6027
28606
6561
1802
23679
20053
21887
983
7021
19691
14985
4949
7206
22062
5176
114
24735
21485
6131
31186
27761
13852
19766
12809
20520
28241
13367
18919
31727
24315
24772
7536
15993
27444
25476
4802
3759
17506
9622
17706
17361
29976
28685
18270
808
12341
24508
3810
26139
30128
3150
5388
18238
10751
1122
25379
19234
17702
5094
12559
26038
24427
1455
22200
12300
14413
840
17797
27110
11613
18023
9476
19040
6816
8614
9196
7760
14124
29971
29423
4721
27837
28524
15312
16410
16075
11488
242
22323
4359
6999
17168
15367
5641
9049
24065
32314
13785
11022
1646
3342
14327
12153
9301
30283
11613
32505
7074
16313
13811
30649
15010
26686
8860
29899
11139
5719
2509
25589
17729
19177
20558
20304
28684
27872
5127
19770
1308
6917
23424
4501
20179
27710
25414
22196
14051
13525
27225
30896
17674
29105
2290
27622
1233
26236
1724
28566
1487
18231
7640
21667
5528
7327
22612
14180
22864
30774
7094
4311
7160
26331
3271
23123
13663
23400
9496
11022
12781
16501
1189
20137
1465
25680
31275
16484
28553
24395
5238
19798
24450
28659
30804
2454
5542
29017
8618
14897
1921
2807
23407
10387
26290
26653
25537
30494
7218
20314
15598
23596
16138
17990
4928
21530
24613
12335
17027
11084
1693
9132
9013
13721
23126
7318
12324
5798
13594
17625
4931
12620
8502
13645
11470
7126
15844
4159
21871
749
27858
15266
4988
13416
30394
32549
17278
13156
26392
28658
8734
266
15673
16069
29342
9710
25762
7336
30746
5674
8305
30238
24068
17275
4293
1375
23723
18268
27071
12372
13445
25669
31369
14924
617
17369
29553
29162
28702
18028
9040
14350
17840
18306
30836
23089
3751
13322
26588
13351
24819
6301
2488
25609
21261
24409
27067
10140
26078
23342
7658
8965
3100
12430
26315
4425
22491
27751
1497
32534
1886
4829
6475
9152
32060
28178
749
16758
27301
31966
22060
1116
19227
30300
19900
30544
7184
7296
22368
15545
6328
19357
9658
30273
25126
32545
14738
29497
24301
13752
6425
9035
4283
4592
19023
5638
31205
8841
1753
10276
25588
7235
12215
23367
6076
13306
7372
31895
31297
6852
27925
18594
16420
25822
15062
8519
2093
21948
12155
31030
26800
12554
3753
25954
32383
30496
12052
13082
23821
7784
24670
26789
32690
26110
31600
10357
15762
25331
21197
27171
16632
7151
8001
10865
12694
2336
21773
5759
20849
973
20939
23185
24915
14359
8413
19043
1870
28165
32633
14989
11187
1259
20342
23622
14439
30096
27893
6109
15958
4747
3558
4534
7405
4709
21493
25376
16147
14731
30963
6757
13851
19087
27894
29181
19382
2866
12109
23608
12997
25281
17359
12453
20319
6907
28761
15470
21308
20845
21748
8526
32425
1435
24807
12920
31031
1216
23189
22246
23211
6034
9932
13203
271
9775
13823
3760
18726
4128
30670
21972
17446
29322
30317
17400
27330
901
4015
3714
772
17345
8857
24337
31680
25768
28199
30594
4850
4964
11306
7210
6251
17013
20335
32355
661
15059
16609
20311
4646
1551
4971
17246
21759
15953
6879
28909
26797
4886
4651
8841
11376
29954
20048
1993
1276
3191
15015
30317
21037
3566
31907
17274
27822
25047
20584
19368
8524
19532
5617
11290
21330
19676
8377
23703
27057
17627
20827
16747
2192
16184
15895
29347
5342
17279
14686
29260
7533
11663
15517
25809
12493
10692
22696
9059
23023
125
29305
6340
20248
10348
32151
22559
16971
10833
13713
13359
16253
30315
31472
5880
27722
26472
11169
10216
20772
512
31684
30315
21725
5694
22606
16574
30125
14683
11005
31473
1892
18812
21140
18626
18263
11036
5835
16997
6814
8860
16324
31694
7768
7526
1877
7055
27836
24104
7095
2282
6837
6889
8905
19655
2848
21660
30175
18429
10850
25075
22868
3650
19004
2254
17288
28624
25061
15900
14152
11842
6638
15094
12652
14156
17082
14851
7346
31418
10404
5580
6293
1425
32259
10297
6832
14344
1956
32678
5350
29320
9
24909
8252
14248
25542
11605
1454
6606
8300
13909
15789
30560
29700
17993
7067
3134
8793
26784
20875
28040
13256
25439
20006
18886
1516
7134
15136
14824
12780
10048
32731
21678
13866
2452
8497
6298
11849
4571
32203
27019
30702
9058
12316
567
2390
13972
28293
7164
17775
28532
26082
9575
5408
26096
9017
19196
31115
3994
29450
15825
31926
28591
11521
8168
30906
14647
5504
27307
1082
6494
18357
1717
17164
28558
12320
6748
6236
9189
9918
9952
6526
7081
20778
18
21880
17927
23953
754
5832
12877
12593
7891
4963
14421
10623
16354
22032
13834
22873
25975
22777
18375
1692
11579
3480
9123
14423
31293
4821
29077
32529
21761
1085
23857
25566
3080
16983
10117
1782
30860
7231
3801
14890
29992
11175
19430
14586
13853
28075
18659
21518
1287
8679
30880
9613
14245
13096
9516
22877
3413
19986
19859
20399
5538
32752
12910
29204
3510
23101
22786
16704
14117
29921
27523
21330
940
18987
10811
1187
28140
27878
23963
17478
18006
15823
963
21637
28543
8911
27211
30834
14622
13452
18704
4191
1266
24449
23869
14990
20569
3961
25212
9889
30966
12213
17550
19886
17408
31818
1196
27436
10016
20413
20188
5811
3935
3928
3310
25362
26423
8710
10731
6973
27973
18308
32048
8455
28518
2605
19989
9020
4503
11477
21071
21379
29896
14412
8036
2689
15521
8629
21566
9188
15492
19299
20480
22067
17851
24892
19356
408
22210
10927
14158
31854
19308
26011
1905
9496
14355
32304
21516
9563
24577
30858
31950
29873
16078
20413
4596
4654
21373
4279
28232
27576
18585
29096
20453
16149
23119
23305
3379
20544
9525
29782
29563
4412
7752
4973
30156
5617
20759
2472
27274
9032
19196
4505
16097
1925
16923
1510
4640
20867
21866
16910
11775
25878
31891
20129
1621
10840
7066
30886
32145
25345
32347
11231
25571
19553
31455
15064
29373
21481
32691
3053
14031
6979
6843
19910
8956
9278
16081
27184
4083
17714
23418
9986
8924
1951
29260
19524
1212
27857
7201
22462
22835
16109
8936
27927
5430
18512
15133
20938
19038
17480
18156
26227
22124
31190
2931
15179
23096
9986
7840
5815
30440
16427
9597
27773
27933
23448
22104
6008
29859
15033
2732
2127
12668
9498
19156
1793
27386
21711
3188
3061
6064
6141
29532
16092
32043
31637
36
21091
26085
2750
26179
13911
386
27888
24407
31826
7961
25344
26920
11917
26681
14878
19129
30806
14058
13791
15443
12255
17622
1797
15588
26312
1471
8407
13357
30186
9967
11945
5062
7314
25401
21694
32142
3907
21790
5082
28393
13171
3194
22793
7249
30182
30237
32575
22859
10272
24132
17482
18686
17861
19203
27305
8686
7094
27518
10609
5560
9165
22050
24231
4617
7470
1368
20306
1109
353
1719
27295
30961
26093
25778
23315
25426
15787
17308
18174
4452
29765
14846
7700
367
16296
7487
11773
28968
10516
3619
3177
17565
18891
515
6553
14066
26269
29359
26036
16967
9270
30509
24662
1665
19144
7478
4455
27417
19900
24456
9190
24672
7619
6841
29021
25283
12087
11089
21769
24387
27635
13930
19727
11116
7957
15761
12120
9727
32366
30749
10770
6362
26839
10910
19731
8019
18059
1174
12538
22070
19405
1496
144
14606
20675
23383
261
12854
11340
10330
15130
24797
5367
17303
25088
31331
875
14672
27935
9992
7337
18685
22174
30013
22565
7489
9648
25765
6575
26505
14691
3584
650
26503
14567
70
15033
6360
3505
13885
18643
32624
31756
2643
21527
28017
9924
19010
302
601
29210
2277
23322
11555
10714
30448
18925
807
9223
1601
31944
25508
27091
8194
20353
8556
12407
30592
10791
12217
12961
2070
28540
3039
9072
10552
4936
1615
17434
2348
21822
28000
27607
10126
8719
30811
9588
11092
24254
22577
612
24515
8547
32393
32420
9
30598
25433
25774
10090
23086
30587
30879
6994
28839
20067
32475
2358
24769
8564
642
13519
18923
25066
31091
3053
26181
19733
28848
6206
12019
6453
22443
11001
21639
27254
31890
26994
18239
9994
18496
8245
17200
29744
11720
19426
3356
30653
24882
2953
20502
26102
14831
220
23390
31983
17481
8954
13499
9955
22896
7315
17052
5295
664
16708
30072
22300
29242
2805
14090
19462
13731
17113
4773
26316
9614
4689
10251
18330
7191
3236
15859
6148
19871
8360
7435
8076
1592
15597
9727
20435
22376
5411
25073
10056
23191
6665
12969
26376
19817
4858
2952
25679
17635
19949
9997
11851
14414
27096
26543
20527
7808
28080
29406
23032
15826
28986
16936
27192
20013
11387
7579
13725
16002
17318
22921
10896
1447
26685
3190
6339
7830
7349
19190
21082
27105
20182
2888
19936
19365
2900
28053
5251
12953
4184
6911
28403
22975
20898
20063
17777
4662
17482
32048
21050
5709
8603
32021
13498
7523
25512
3521
19508
1312
21872
18187
23366
29533
30587
6683
22671
11638
22123
17032
13469
25159
7178
17215
21052
16933
7430
2
916
16461
30179
15377
32376
23415
8487
10007
8147
5304
8158
2652
24780
31865
9108
16476
24044
17896
29961
19792
23548
4803
17888
958
13003
18036
2978
19434
20604
17981
8476
4160
18505
906
29750
29754
31687
18773
3711
17457
6736
15433
25700
7659
23832
14035
17068
7917
30288
22148
26393
11651
10641
18292
14682
28249
32424
29569
16513
21485
7506
26978
9598
6364
11325
21699
17270
4180
21245
11459
28139
23400
17208
668
23610
11332
7735
19663
25857
16816
15301
5636
3445
25599
9371
11267
15005
31486
3270
19548
10501
32009
421
21613
23307
26133
28741
19759
20754
9098
7488
25925
8594
21810
26216
11317
21941
24688
5634
4785
651
27523
28427
25142
3184
14404
17244
13916
13433
1506
4871
31203
17743
1281
28317
10966
13852
31220
28758
8203
7434
29070
14375
28228
25802
12320
2719
2522
15664
25139
9304
26015
15316
6042
28325
3924
32071
27099
17626
27542
22863
13393
3041
5566
27582
15793
14073
4322
18115
26409
14827
23119
5766
4793
31193
15634
20703
29866
28641
8403
20908
9924
912
21748
8949
18014
25329
3357
21670
29563
20968
29663
30251
2378
26599
30158
11513
17822
801
29802
5949
2309
17469
23837
11076
32304
13217
12012
17664
17908
30474
25853
30809
27049
12709
3759
31188
10791
28234
8325
13519
21874
7145
15762
1770
19138
4621
865
3489
22411
24961
16174
28755
19737
8491
1891
13293
20053
24533
15680
24781
13410
7979
32483
15638
28057
26261
7636
26080
20715
29958
23911
3330
7321
12619
15430
12648
22919
30655
5727
28700
18570
4463
14150
4603
29327
29607
17407
1640
13787
31538
21012
4775
26180
20104
563
9399
22164
23130
15682
17705
9903
23180
14231
475
8942
31053
10794
1875
33
7947
3698
13690
7397
29412
8812
24583
14000
13563
21789
3451
31412
18937
4133
30185
20811
3910
11761
13222
29394
10518
28676
1480
32633
20597
28084
30381
7928
22580
26074
9001
21205
14293
4153
4075
3579
27778
21615
13817
21949
13885
10874
27392
23034
23079
10738
22313
10571
8636
15460
5341
5361
23802
31637
16744
26440
28440
13449
23940
17773
19891
9553
3688
12243
10172
19442
1780
13196
22263
31170
17384
26953
6450
11912
25120
32711
10715
5073
7690
31120
11077
17139
24348
6906
2191
27420
7606
17512
10796
1875
21213
376
32369
7798
22530
19263
25982
25348
19327
7011
29361
17376
13247
15341
11668
19272
7892
15736
23918
12595
17056
26084
25223
25865
8994
24734
20913
27996
11086
11876
2091
6027
16163
8642
31210
7132
13557
29009
31747
15495
20950
23534
32104
25022
17560
17263
21030
2730
9036
22390
16172
7616
26156
5552
20458
3367
6526
12111
31856
18122
23516
16278
23543
19662
10269
4171
12487
17774
6055
19477
29258
7026
12957
5622
22103
27617
9482
19319
9309
16842
2449
20099
6194
4839
16734
14386
21304
26440
13079
12515
16998
30840
27988
29932
31503
14246
21380
2488
3960
14388
5067
10226
23792
23900
28172
11051
29466
9746
14705
20937
30478
30945
14219
4755
3775
21454
31707
10330
18712
12716
28329
22690
4474
8005
5075
20934
6149
19991
4227
28818
15944
1024
31691
5553
11382
21557
24353
16352
17862
20187
8977
18673
16141
16751
11112
8865
25385
10565
2999
11710
3481
26603
8947
24462
19878
32467
32213
5605
4113
10006
8675
23424
27201
14412
29850
28652
27276
5938
29397
23293
12942
2492
3835
30123
15856
11706
10157
24698
19662
17489
15539
23891
14936
28206
24378
3954
29440
24850
2033
8595
2751
6807
26263
25629
3910
32496
21712
20449
18717
4486
23989
9098
4182
3106
14481
25891
14542
32045
7520
28816
27234
30796
4486
3797
20684
28627
21493
18712
16292
30193
13133
6759
9831
25419
29550
3713
15700
2821
3527
12478
21158
12051
14811
29506
13903
31072
11758
20645
22782
6804
25781
14371
14267
14687
22486
16750
19516
26596
24278
1938
23878
29383
4529
32604
23591
18756
8941
4237
32588
28735
32622
20562
16159
3000
19546
979
3421
7399
32004
16329
25031
21572
2989
931
22415
27750
19593
18396
32003
31247
5649
31375
16832
24924
17328
4198
27981
17474
21422
14500
4099
18391
20978
6922
24454
19367
54
16896
4702
23650
31878
3716
21185
15762
23449
5985
22771
1032
4000
21169
2408
13569
23399
8247
28118
11965
1179
15990
11312
24384
7910
2245
21609
31218
19149
12329
22343
32310
19510
11542
10155
4166
9874
31726
2970
28404
29379
28785
20470
10016
22015
15700
29531
29135
28595
24883
2929
13155
6666
1599
2622
30545
5461
6545
16366
15985
11101
32493
13277
24707
29742
32742
2954
29567
154
24013
1854
7377
28106
19363
7577
22432
18172
9286
679
31823
9868
7281
19678
6209
4880
16399
4466
6889
2496
16826
23251
83
4186
3988
9975
12633
12994
26259
16804
6139
688
13672
20080
954
26833
6528
20451
5010
6923
1320
8717
14058
4998
18846
12095
10007
11725
14395
18135
27558
14838
9853
10107
22350
30597
6080
25518
6368
4085
16335
31443
23351
29736
15870
1152
22680
15604
17158
12160
27525
17370
19015
12612
2158
29304
2003
9768
20433
16414
7328
6993
6675
26145
15553
9641
20488
23928
15128
16910
21849
27202
32749
21357
23873
18385
21710
26769
30224
6763
21181
10754
32405
789
12506
24560
27403
23821
13935
10273
1628
13077
1631
7969
8444
12889
29922
21406
23418
18701
3704
15328
1593
3989
9864
14099
693
1960
7297
21355
5104
31561
4919
17729
28849
13324
12947
30574
15552
4816
22908
15997
4494
5372
17511
7320
26223
8190
182
20586
10895
31896
20942
29419
32174
27877
13491
8361
6663
17640
21503
226
5481
1298
880
1747
30269
19224
31430
18157
12047
27779
9819
7240
26199
1810
5075
29412
7645
18688
28117
14646
7512
11657
4411
11565
21929
22942
20526
8439
25438
15808
22698
3109
31116
22078
4030
22601
13144
17215
27335
23929
15857
4767
9832
24420
9814
19481
801
4227
30412
4453
5949
28685
31879
9884
674
1101
28396
4051
9489
20782
22847
14565
12272
27
25816
15120
16065
28352
29434
8308
11453
121
8507
29101
24707
32246
380
3962
31109
20593
19871
15698
9888
873
10479
4981
15588
9975
9781
12742
7550
1667
2351
19783
27019
3451
11327
14463
11796
4785
22493
10289
14475
29567
8868
29823
9344
15095
32609
27553
26183
27348
21740
9096
29754
20307
7236
24401
14258
6487
17934
24675
29651
14836
4073
8942
3742
30171
10120
18856
25167
22040
32564
242
28931
31866
2321
21802
566
25155
32697
29148
31957
16752
15622
16039
25405
5648
31720
13294
12652
15880
12650
22433
6096
26839
20392
21130
10972
22141
19297
8367
12958
25083
28639
24305
422
6994
5852
27426
32368
9040
18476
22363
16248
18496
26607
15638
13004
29624
16856
29411
11222
5410
9327
26904
8542
28467
11727
8918
452
31704
13939
18272
31051
29376
18878
8067
5343
21246
21922
18337
30351
14186
166
8132
26538
7518
19015
18183
24388
13374
10756
31369
31843
168
14889
32587
21272
9269
1118
6245
6112
21131
2369
5179
224
12628
11152
21610
24341
14306
21639
1732
27441
7779
3195
22767
25242
28423
4670
29208
6129
24682
29511
15113
26780
32592
3539
10942
4567
13060
26893
32502
7182
30733
22369
15432
5019
12719
1540
13977
7698
1919
31978
23876
1039
16979
14313
30406
2156
32083
5451
26574
31272
12193
28335
21367
13288
3078
15231
14865
820
28413
10485
31411
6370
30443
6412
4315
17918
21299
389
19757
24170
27895
31540
15389
9206
16992
6255
6331
21117
22061
4055
28179
17857
4093
16948
25195
3720
27372
17224
24849
25114
2675
21281
1740
19341
2570
17870
1950
3300
4927
5125
24086
24020
3632
13337
31869
20393
29780
7573
4676
11019
3685
7183
24517
28204
6625
932
29279
11707
21493
30200
21674
13315
20234
20403
4925
2560
6481
27204
14598
24716
32571
29058
30256
22268
24378
12798
17917
2601
2123
20607
5883
215
25895
22900
15990
8926
32409
14901
20981
22465
2524
25049
12803
20105
29427
2209
26469
2272
16765
4144
30054
25676
9065
18562
8990
4707
21304
8644
13457
4083
21363
19283
18642
10475
30343
26165
16352
9799
4468
21137
22115
22180
6943
13702
21504
14440
16250
20221
485
15685
26641
25143
23195
3919
17776
1425
19070
3149
18820
3796
9456
26862
15188
31858
25219
28482
31851
8125
7820
2172
130
28140
19299
776
28255
10635
19147
24863
28971
7658
9063
16580
21166
3776
22690
8851
18321
29124
22586
27790
12549
16422
2182
220
1779
22263
31622
5990
21601
30656
8541
8670
26071
7374
29022
21251
13711
31062
18201
12595
14642
3504
19380
12914
23732
3511
10412
15608
12976
12551
5146
2755
28460
7871
20235
20863
13943
23745
20414
10958
7126
5283
20473
3019
4319
20092
12354
10450
10455
6870
8358
26137
26082
21246
24332
24363
31801
21538
16751
10051
31496
23630
11054
18776
28624
23897
25643
11209
10815
20425
13518
2131
5934
7091
16355
557
22019
2807
32132
20921
10439
17014
17318
24435
30021
16092
8591
12217
3091
30859
30803
11305
27874
22371
20911
3786
22329
32519
32628
10268
9285
7521
18950
19038
18495
11267
26603
13470
10071
12925
31508
26884
18848
19267
24925
26892
7496
17010
14603
8365
27010
12758
32131
4998
15425
8709
21542
10085
5361
7716
21430
13090
6452
15904
27426
4277
31481
18569
1939
21031
15770
25525
3136
18669
28566
7796
6921
5880
10199
15650
11228
25563
31268
7473
20634
3569
12618
27665
26852
18709
21278
19052
20657
3639
8681
94
11248
699
30731
17629
29695
863
19982
1716
21921
11840
31516
14144
25344
24231
11512
27911
18853
14729
23813
12732
17212
18745
19455
25546
25561
8076
3072
3006
10084
5176
29577
30886
3739
8703
12690
7425
16778
23572
15410
1780
10620
30893
9077
30191
10821
1680
28673
4560
25919
1125
4045
18763
26501
4876
14153
5115
23378
2672
24658
7207
15498
24923
9852
22109
3974
11648
12430
10925
29639
21138
11613
12013
4965
27569
28542
14910
3767
1587
14162
441
19321
9708
27136
546
6607
1760
21617
16355
22006
28558
18681
3647
20242
22126
16806
15714
13143
14065
30441
28862
3689
3144
9948
6820
16503
27824
19090
14030
285
19137
8839
26456
17424
30711
13227
19681
26209
26372
27164
28881
3166
19336
28007
2861
26434
29030
26420
1596
5021
6577
27934
23580
2571
15404
145
29444
14118
259
26679
28442
30863
22093
31753
21562
12955
29363
32393
6869
28105
5937
14109
15788
2799
12333
31055
13962
12846
26313
4874
30483
11830
21754
17860
2755
17688
1191
11478
8955
8200
12671
7643
9641
25720
23147
10218
19113
10197
4229
1819
7749
3926
12839
23006
20852
26982
25282
18590
15817
20458
914
25319
11594
18101
13264
27616
629
28690
12704
23736
31917
22010
12307
5293
15799
10226
5868
12955
1702
23216
16221
3919
12167
23171
20711
1845
17398
23425
18183
29913
28134
20458
19557
15035
6440
19012
21461
20149
29783
26126
15789
26247
9826
6651
28848
25136
26506
15052
5887
19714
16608
19833
16419
27657
26264
7312
22627
11963
21283
31914
20263
3970
26825
20774
11079
27432
25137
30244
15009
1666
13412
19586
28726
29763
31711
7606
22077
10261
5024
29606
12498
8827
4378
2937
805
3569
3585
10448
5872
29775
20548
6366
14485
9131
24341
19552
12077
9043
6992
15314
8704
232
2199
13430
2530
12304
9395
24637
22965
6918
2831
32092
19570
7287
1343
3428
2620
9921
15845
28777
30577
6401
28514
17700
3458
16649
23907
25741
1757
871
502
29557
14704
18974
3645
17105
16367
17123
21743
18116
21518
15187
1546
8956
32424
21122
12731
28091
26147
27641
15017
900
31282
21554
21883
20705
28602
23451
22568
27327
9374
13896
21787
16873
18070
19003
31383
18349
1642
29907
21517
17971
4423
1989
26177
6303
9099
8811
23988
13625
13421
26628
4272
745
11356
17060
5298
8597
27092
20366
2683
20319
763
3427
32366
31977
2385
28455
12457
15733
13497
12951
26010
3290
15305
11381
30547
51
15282
161
24370
14019
14870
2224
22906
29245
31461
24376
3350
6660
25701
7041
31876
28167
15976
3750
28880
14083
285
4278
21403
2474
20393
12511
19730
15523
29063
28787
22201
29203
8101
19509
7791
26877
29353
5894
12848
22553
11579
3597
11104
3578
18401
1563
5946
24448
4271
27380
11229
28309
27161
21431
29605
31463
16805
29070
7657
16826
18584
32191
15911
10241
31446
9034
15523
9696
12791
484
6966
28015
4397
21575
23738
28028
27509
3529
32032
2783
17866
12075
31336
18967
6301
11083
25615
17747
26773
9407
27677
22403
19992
11814
26087
18583
14733
8760
24092
14295
15186
10221
3111
14348
9153
667
14315
17143
23849
25038
8749
2955
3102
4396
31581
24661
2145
19145
10990
22031
26605
16028
14601
25130
32203
31925
24740
19149
19132
27032
31694
20423
10367
12065
887
292
4972
16560
10873
19649
17196
22074
29879
10990
2289
32508
19627
1778
30943
11693
872
11270
12444
5174
30884
28498
27758
21006
2571
24408
16139
7655
5269
29955
29708
24804
289
20444
14667
22186
1623
4628
31076
4134
26314
29936
8948
6724
7955
16230
31119
29033
11183
24728
6070
23989
4086
12225
11153
10306
14729
24965
22095
28823
3917
5650
5632
28393
28573
4778
15944
6412
24338
27871
29394
10452
6201
1702
17702
13834
4070
27641
20509
464
30450
16287
169
17241
102
18780
28643
11433
21685
31099
13136
24149
4514
17136
30626
29496
17134
6621
19221
6899
937
11531
31006
29312
1588
9907
29431
5810
22164
7136
10879
13040
20866
3340
24239
26159
5691
21270
19532
10076
13607
15844
21655
27125
26674
13936
12962
18979
28512
3955
2139
121
12939
11088
20800
30500
21685
8512
13996
26724
25214
26742
24301
17537
28747
17124
10455
11541
13874
8904
22166
9207
4052
13446
22540
2236
23349
3594
18522
9912
21738
110
23701
30088
4462
7860
21487
536
2705
22959
27265
21235
29718
1223
14437
9626
13336
6630
21537
11773
20222
25754
19204
8524
23456
20768
26477
25257
24522
6438
111
30783
15441
21461
16559
31317
22776
26114
6875
1085
26528
17199
17315
8998
9544
29940
31378
15087
9162
12710
20374
18852
32546
28487
24377
3581
4067
24232
25542
7704
24500
15489
7624
30145
5414
24696
16084
4677
5877
29189
22717
4351
10806
20114
25561
16501
29449
9071
12935
29509
11612
8384
896
6813
31351
28045
27807
20502
24279
11344
439
28159
27138
25491
7944
29748
11756
25163
14813
3848
22997
10206
18748
25318
19958
27168
10209
16470
10536
28459
17966
3221
26012
2287
605
13688
8437
15784
30500
22080
13268
7977
5112
13746
620
6710
22462
504
8195
747
11767
6172
9587
21670
12088
28669
5678
5750
32059
24507
29874
20179
10665
9502
17197
13284
193
11145
26320
25343
11677
18176
10043
2204
18909
20513
30143
25120
25267
10295
21874
9415
22847
18750
27302
20286
6817
6513
4570
3486
5660
4577
1122
12478
15620
18164
31277
16456
17278
26363
17983
25379
11984
8590
8926
25573
28066
22650
2321
10403
15593
21344
22401
22208
19955
29848
17645
26880
16897
21707
15117
20766
3603
18753
26373
26680
7994
5733
23001
23887
23675
6598
30534
6717
30769
23965
11759
24348
10301
22515
14255
28050
8745
20925
591
15946
4688
14002
22717
2645
670
11477
23763
1443
14385
4096
23752
24960
8046
20593
12233
5087
22513
320
10290
28660
10243
20218
17970
9673
27214
7015
19586
12567
23165
4879
2750
15282
3535
19375
29219
12338
5521
28200
6981
15901
16980
6094
24160
12545
18734
31410
22058
21951
18178
18308
11712
2612
21357
24999
18425
2513
17223
13394
6451
1730
7219
10928
15538
30537
13477
22464
21641
8473
24511
26585
18998
10815
31221
3419
5427
21632
17516
12942
4296
12951
8277
25907
5857
12287
4662
17073
32602
9428
21095
10809
19209
5129
13642
19504
2772
24718
14024
5661
16491
21597
20259
5497
25806
6328
14007
9917
3903
14379
22636
5364
19375
27726
27501
18067
660
9385
8769
13721
21629
4028
27055
6833
1141
2090
4164
6481
22851
16656
17246
4853
311
21358
24893
22183
9968
10990
16392
18884
8531
20117
21303
23045
14899
3217
6631
13473
4961
7908
27233
23605
16368
26492
12576
5381
3540
1961
7431
15102
2399
14266
24949
9519
5014
699
25892
23914
11927
14673
6030
18849
5029
12941
29066
24995
27367
13024
25736
16120
26385
9041
18276
7988
4302
22599
15309
13514
10402
14837
10741
344
19859
2273
27901
2645
7505
21679
12747
10303
20315
23896
31270
9463
8408
26678
18132
23356
2231
28035
31537
20975
6141
22703
7187
13075
22512
3620
31731
6205
5692
15659
32753
21774
6310
10475
2863
2910
8850
32041
19987
4229
25490
25785
11289
12113
4026
28244
422
17610
24902
26641
4375
7065
4783
26485
25621
3988
18451
32419
17037
15435
27854
29429
9201
1793
26467
17514
2148
15508
14300
32428
7514
22296
295
27100
19561
23687
6974
23145
9612
9528
15918
31612
5500
323
9741
3366
3348
4598
21595
15867
19990
7033
19021
24008
11301
1005
9476
4821
6560
5361
31365
29896
3634
22008
23345
17951
32395
15214
19053
17588
10314
3444
376
14411
10693
26509
59
15446
3972
15811
2288
16016
19311
5226
13334
7946
22816
9246
2266
1665
21872
6085
7070
24562
2679
7663
16115
27413
5577
4870
31555
15174
7395
20686
21879
22699
30217
20688
19767
29641
399
8218
15649
13991
11484
19356
23301
20553
20262
29534
15491
26418
13441
9689
25494
18747
18041
14760
16716
29223
26641
8078
8617
9182
6369
11887
19186
16078
13328
4038
13586
30149
28286
16901
2120
3795
25057
29361
7823
4268
31933
26960
6832
4983
30441
24516
28249
30267
21990
9434
730
19302
29061
9251
21537
16200
31747
25011
20394
14966
29900
9667
13557
3341
6974
19172
31835
2583
1314
10574
26163
5642
18106
78
14014
28708
28187
10961
7356
30610
20718
17275
8751
7520
21087
6997
22900
10331
919
19527
20363
5698
22894
20236
19854
28290
14991
12103
22912
15682
16504
27873
19460
14917
21205
19896
13347
18997
3658
16806
32353
18056
27371
8636
12701
8403
10612
10398
4450
24185
32584
7856
8939
10360
25227
4890
16693
29624
29211
19608
2170
8327
18666
29979
10871
32333
18481
15232
16143
3484
15647
214
31263
23486
28885
26112
5148
10863
17533
6017
31687
10790
6408
5770
2558
2753
14038
25151
1150
24788
23089
7167
4726
9010
11392
5532
18544
22653
24985
1491
30321
21916
21181
4515
23365
481
27702
17417
14838
2604
15147
17834
4287
12244
24965
13277
8031
7236
16599
7701
30126
5373
26892
9136
30910
4106
5247
5190
10566
14550
16984
10814
23113
32709
28512
8490
23764
29462
17766
17771
9765
8488
26495
26286
799
10635
27071
12250
18838
2527
336
13787
15456
19767
8943
27998
18805
32410
1051
30448
18705
2143
20539
15503
20218
26899
21676
217
1479
32242
26942
23859
12584
13765
8247
1469
10338
7389
19133
6992
20082
1157
26450
22267
10589
24069
24319
18049
16460
28095
10308
627
15391
14208
28285
28846
16109
32668
31842
10770
22507
11788
15456
22973
13811
20011
25909
19181
6432
29078
11202
15328
21170
25220
30049
19433
21967
287
3817
11592
12059
563
1948
14457
7515
4207
13344
20861
32201
20718
4667
3315
24092
26003
22472
3838
16487
19657
10760
32218
6288
4118
16158
11600
11121
16056
21148
23700
30455
12160
14765
27811
22219
22889
17284
20829
9941
31988
6373
10375
4346
27329
2059
23842
14774
29748
25502
1956
606
7302
650
595
15224
26720
26740
9936
8223
10683
14509
7403
5103
24174
12672
24486
13010
19251
27130
19596
21088
11157
29113
25363
13941
10868
21640
2988
20903
11571
4310
21256
6182
14506
26773
21279
19506
2447
1245
4115
5182
24762
8202
12931
25307
5495
30883
26252
15002
10623
28651
24794
17950
14341
27979
23418
9627
7700
28171
15358
14670
24030
536
5736
7890
8198
17027
14269
17313
7271
4312
11566
13152
23372
15228
13814
21201
10646
30899
29895
6057
30057
29332
20009
2457
25433
25181
449
16840
29503
29385
21001
11425
23635
23389
10206
909
14751
29513
17875
32173
12485
21348
28796
11967
24971
3558
5976
15342
10728
9634
9344
5920
16911
31090
23554
20606
71
32146
24663
22007
10254
7716
30262
6702
17381
24255
5300
2655
18731
12373
4137
5494
1813
28881
8718
20466
4966
6551
14272
31200
28795
18522
10276
12367
18117
19307
11283
23781
25849
2846
21374
28099
31757
9188
19883
5467
4593
13683
18604
25163
6050
30455
22640
9435
19227
12051
32494
7785
22810
8139
26912
13267
21353
29326
31016
24693
10082
3230
18003
20086
19097
27457
5341
5342
17106
13285
597
23080
8822
12540
31376
3310
3824
5104
28181
20242
28552
23857
32139
14733
21942
11982
22088
9706
21648
2733
2360
21757
4251
30373
29159
11726
17770
26475
25378
26010
8019
21040
5790
6010
14000
28554
22595
7129
10193
8202
26374
23251
5148
25530
21460
32601
6622
20486
20711
14327
4178
3113
27247
28358
1282
29321
1731
8406
2563
17255
24971
11477
11560
12365
18741
3504
11389
19664
10757
2654
30774
27776
11093
10480
2679
27320
29660
28834
229
22945
23217
20316
31158
15091
1036
17425
26881
16391
8437
26460
8187
30675
1384
11306
29549
10727
17379
12202
17892
28904
29733
6638
23839
23250
9505
12649
8639
9559
19429
23251
26444
12342
13160
15195
32033
19475
27355
18618
28547
1591
29654
25126
2068
11952
27509
8985
11879
30692
27521
5463
6514
17999
8156
13002
23724
6905
1487
2234
19042
30284
5421
10933
19111
1114
16338
11752
14821
2699
17337
26661
1765
19981
24991
666
32320
17993
6696
22382
6620
15865
19617
26525
5382
11888
30205
27099
22429
1450
22735
15591
24113
21537
3439
7775
7742
20352
27267
6259
28289
8796
8119
4549
12818
29415
14322
7217
1422
32720
30393
2751
1341
22230
5683
633
12754
13134
5013
10516
17885
4746
7331
3269
31587
2707
12014
18160
7170
2755
15644
18058
15290
9179
18839
13231
10064
14148
29098
13952
2281
3696
15232
26925
13039
25085
17516
9536
10272
28471
19450
4920
21930
8674
6186
14699
12293
3180
7406
7087
24918
9890
12864
32112
1582
21174
3230
23365
3495
11491
6109
26602
32482
22189
13506
16041
20939
29853
20726
27601
13142
24025
28909
10706
28010
21096
11401
32446
31449
23590
17463
31208
3129
15049
25216
7681
4411
16565
12563
23603
5885
23482
7830
2654
3221
17701
23740
22373
18487
24440
18688
31259
20798
23493
12397
5305
7738
31889
24602
3476
8773
27491
31722
22720
15872
2409
29192
27678
26420
14384
5767
29745
21676
22417
18637
7906
6142
22922
20125
3685
10782
32760
9429
18896
25542
10075
4189
2473
27415
12168
8956
19729
23503
10229
2694
11413
4656
27817
21826
459
27855
6852
15477
4843
2338
26200
19855
7616
29459
21211
125
10905
19290
28670
16341
15316
26365
12526
15701
815
14687
23561
23617
15247
15772
6658
25816
3007
30636
22012
6177
25473
11412
19544
10868
12623
22129
28995
22725
26552
32411
29810
12209
27281
64
25637
17826
5922
16604
22204
330
22217
1770
11385
15499
15397
15830
20160
9936
11004
5460
1325
11949
586
15913
29367
2352
29470
30367
10239
24430
23074
21915
18326
15283
17873
10660
25451
25547
5125
6292
15219
21844
24514
16293
13272
12840
11632
25237
3814
24577
1890
3130
11885
9853
22961
26831
12292
10340
6573
29675
8366
13699
12847
2706
10735
31362
11908
3196
10843
14420
9285
25074
12415
29293
24399
14245
16465
20308
18004
8463
20285
14278
23971
23182
10545
22586
15822
9056
19854
8449
25389
14777
32303
23508
28693
20625
21052
24184
10610
24404
9530
25883
18139
12774
20182
2937
4307
5766
21647
5886
13750
31691
18312
25630
5308
11550
27759
9187
4798
7219
24565
7525
32740
12843
19827
19701
21592
14792
2258
8409
7226
19236
18753
11548
6251
22676
5082
28765
13905
4117
11753
27479
23232
8546
6493
24908
10805
13239
24236
11010
16300
9126
14497
9528
31753
11284
13711
26641
5401
17630
23110
27822
24037
18676
23415
15083
1157
25838
27382
21382
13775
28825
20280
22547
24564
29447
1888
20894
29573
418
32099
27472
15561
19173
12062
21806
8909
19814
6072
27919
15427
8452
6593
12451
7607
26165
5285
31360
3875
12844
8249
8481
31336
2041
28846
12316
23910
3280
18918
29222
20233
18620
22838
3555
32359
13429
13815
31467
6229
28257
417
21348
29055
31188
5083
16236
16406
10421
20816
1121
6167
13149
10494
7059
12296
22373
16506
1854
9106
932
18453
20164
6575
4991
26265
26451
6213
4803
7454
14671
1578
12421
7108
7297
18442
31928
11220
659
5167
25736
14941
8574
17971
12071
26345
1186
11953
4038
31908
10127
22272
25936
3719
20662
15492
17231
23634
7739
8126
10562
32086
22677
26672
10680
2360
3653
6421
25381
6427
6853
11328
16179
22047
11901
13172
637
6218
29215
7987
20438
1815
23641
20124
25214
14014
27252
23384
19841
12561
27035
23706
27436
28097
30903
12774
30817
21005
4617
1876
21168
31817
20757
18315
20152
16679
3831
22367
7540
28738
7085
6138
17343
12014
11422
28559
31217
22603
20237
26378
28811
26997
11886
12293
4935
6740
674
20916
27831
26137
8377
32719
144
22137
8831
19697
31901
11602
17661
13221
17265
24995
11872
28263
16647
4109
1611
23965
436
24525
28738
16890
2648
3149
5001
26971
16390
12184
22432
10568
8469
18413
14417
20373
8924
23462
13457
8869
32526
26003
23442
32031
19785
3679
19900
3754
11050
18827
8326
6266
17601
11983
31892
31917
11304
8628
2672
18725
23644
32277
15176
29639
27467
32755
21101
26971
11895
14251
19419
17115
10994
26165
15474
30075
4867
20668
5317
9590
14541
1943
22736
24127
10606
32281
22671
29703
2370
75
5239
23097
20874
7962
18119
23511
4034
1444
1823
3706
14804
5812
16161
22937
21429
28953
25051
19519
29237
28748
16668
22823
7664
16658
8742
11681
12354
28783
10819
25865
20326
2117
32328
17341
1812
26370
18729
676
22377
17123
9954
2996
11939
8221
28435
20920
11030
27588
3653
17280
29637
4901
2976
21945
12060
26846
8577
13675
17999
13415
11224
11005
813
25214
19306
4400
16760
27651
27104
24641
26982
25063
11794
26622
18665
18835
32527
16192
1769
32611
14120
1529
26836
16908
7128
20566
5078
16347
24232
2719
13500
2857
15789
22433
8452
16457
1908
26742
27799
10222
18047
18102
858
2791
8824
6717
28291
9743
26820
5872
18993
8506
15993
11266
32744
26631
6965
5416
32455
26586
12344
29811
26735
13683
17408
29114
6587
23775
32383
30838
21377
12225
24079
26374
7741
30631
28336
4292
21154
8453
11813
18424
7648
14880
23136
19464
10911
30671
6815
29023
21076
6990
7976
17132
17564
7427
2260
20149
25857
11631
21073
17410
23256
26434
28498
17134
16813
29700
23726
18582
488
22710
30996
26064
1616
8839
407
24275
29543
13987
31944
3659
16836
3609
8295
27139
25847
12264
27213
22825
5742
18414
17266
13939
13548
31738
14999
31793
21664
27879
13964
24438
18965
11008
10403
30339
21254
25865
10565
7618
6438
8635
14181
15849
2987
2490
20461
12650
22521
26722
20312
10657
14629
18874
16144
23401
29595
845
6374
13035
19655
6812
26043
31180
30399
13981
31067
4330
758
635
22069
15238
9358
29737
9596
14264
4205
25038
25245
15380
30965
9965
26686
9333
15929
25734
32435
1736
10636
1222
24729
202
29428
26887
7590
12979
26236
31983
19254
5027
16622
9859
14321
26952
21634
19475
30560
21984
3064
30714
25348
22039
3789
4517
15335
19858
3483
4916
3986
10816
25259
9933
28876
17767
14448
17454
23202
20462
14136
6312
12599
24822
11991
30355
24308
24568
21010
11912
20017
2776
10724
17885
26523
20944
1771
17489
2636
45
9917
21752
2275
39
7740
1801
2163
19372
16396
2457
19267
16382
6089
27412
18165
3380
26586
11085
30176
830
21825
22654
28240
20523
27660
24132
14588
2938
3443
18673
27820
13030
1108
5822
2976
30807
10537
1520
6624
23089
39
27559
16273
15799
18004
25481
24062
4377
3298
20396
29237
5628
30011
19744
25820
3948
21178
15620
22825
9557
11875
6113
28546
18983
27272
13249
2959
11409
17616
6223
12477
13288
2520
3246
31347
17927
23633
5814
23484
19710
21689
27759
3188
30062
25651
19883
17523
29297
21186
15526
31475
27987
3001
4382
26648
17019
21469
21651
9993
32517
7324
31243
29405
5567
7077
20870
29234
25478
28181
6131
13197
25431
15694
28143
19768
1527
3813
20922
9955
16830
22953
31940
9519
30408
8992
7326
14806
18806
30113
28017
11823
5040
18565
31899
23165
16069
13018
28170
8208
3437
13340
25724
25309
21328
27558
29277
11788
29170
20456
10154
236
9399
26178
13131
9091
32655
31905
31719
19046
4431
1374
19381
32763
3939
13063
19356
6179
24616
3822
21660
19998
21840
11120
29792
20674
3033
760
3230
31291
1754
28902
18268
27393
12511
28308
16815
21520
7810
25531
9494
11680
7811
14688
26889
20344
17146
19074
28828
24708
5456
13227
25719
15842
21617
2935
11456
14633
4374
8444
16589
23644
11475
19291
940
8614
27933
1978
10109
28670
7011
19371
15960
13917
13786
23982
1764
7079
11727
25213
9920
13840
17736
5689
16941
25985
15180
23782
22030
23808
12667
26908
11769
11145
2182
8321
31696
15259
27169
13831
26346
1265
13645
17389
22579
3016
15905
29898
15894
25671
11989
23952
13983
24474
23546
32510
16719
5925
32345
18638
27519
10813
3563
2846
27004
10935
11839
15762
3300
11521
1138
20468
21799
2877
14532
8165
2685
5686
3166
19881
32364
31913
28381
30425
11136
16394
23378
4861
32219
9408
30512
28618
21073
8282
3300
21501
5829
12220
31711
25976
27820
31941
11833
9480
7591
2895
16168
25472
7548
27260
4284
4191
18735
11014
21852
18011
17392
4523
17665
19395
20597
27656
11004
14120
13059
4322
5909
27243
10689
13595
3439
28175
14068
31534
27226
27141
7753
11280
12039
808
21635
2856
13450
7739
1384
16224
9912
16946
5665
2840
28909
18253
23107
14775
16212
2670
10188
5989
20795
8681
17045
24110
26780
26661
16165
8117
29989
27461
2575
2206
16729
19553
8733
26698
21285
27819
24157
26037
2341
30812
20403
30059
27229
10472
30998
16933
15773
21721
31170
19081
18667
21510
15254
26977
32643
25669
3367
18618
3504
11926
23848
1734
17996
183
17106
27423
12584
25500
20403
20890
26994
723
14235
26006
26810
18972
11837
20995
29370
17826
32454
28850
20117
21598
3611
20935
10052
22228
19463
1826
21472
57
15892
22154
11096
17098
16960
27795
32706
10086
28244
14760
21254
20077
18387
30956
750
3863
23383
9192
24785
21406
18262
26471
23579
17843
5148
13384
29985
15611
21978
17267
20578
16990
32666
30551
14248
14004
13003
2310
14353
23542
29776
8065
29895
27102
17543
10222
15933
19412
4609
24729
24442
25502
14443
25175
1228
32152
24449
14426
31812
5535
22799
3223
31474
28357
4469
25610
13836
23079
16704
9991
17085
14033
25195
10654
30145
11587
6968
742
10127
23512
362
6968
23783
12305
10279
18605
5667
15403
24700
14765
1221
27239
3750
18921
18509
5356
19796
29691
12520
19201
28182
27784
30962
389
12801
10648
25469
30363
15307
12915
21527
5726
16645
15554
5026
26134
6649
2782
26106
9113
5166
28060
9220
17841
27333
22881
16964
3833
11552
17599
10832
4353
14968
25192
8817
22569
12890
115
24203
9250
17071
16418
29959
8001
15895
11784
11809
27734
11958
8214
26430
8935
2613
30104
20741
19313
15024
22063
24466
23508
25270
8029
10348
12691
194
2928
28154
30761
23135
6192
1301
24234
30303
26774
26385
20535
26182
14827
2548
2234
16585
20497
28163
18658
17937
21196
19951
32318
30773
11385
9729
27600
24615
8587
2960
17714
10763
15858
3519
1708
23057
31303
14660
19966
5585
28873
31657
7604
4222
15862
757
24939
3246
25636
19120
23279
24404
938
7103
23981
9963
26157
17255
30337
27309
17693
5725
12631
29684
23674
24399
25260
27911
9790
14074
25429
21716
29731
32342
26298
26227
28963
15680
1159
9499
29585
2298
32427
28288
13141
8275
7385
30987
4751
24474
24523
16216
10029
8094
30910
12894
17313
28469
11813
15551
7462
11503
6271
12244
11725
3855
18773
14523
28486
4690
8781
16354
27935
1933
2342
2346
31125
11533
26424
5921
7597
6865
8154
28555
25742
26338
10073
1332
24604
18874
21877
12390
30478
28831
8530
5691
6688
4136
25167
2598
15752
5856
21448
15208
18160
12671
16955
21138
16641
9397
1305
10783
2685
24433
14933
24422
24319
5071
17227
27768
12587
32287
31803
10722
14529
5803
29667
8845
1491
3384
32065
19058
32192
15391
16271
12670
1961
19453
22608
8807
27585
10187
5049
32112
17525
26237
5074
14494
23579
8539
14501
18276
11576
26967
23833
29157
19297
22332
29434
22607
23819
915
14623
31306
25772
28822
28786
10255
8568
3994
22306
19066
16103
18607
26190
3821
21334
15416
2626
1662
1057
16268
23799
649
14409
16585
19902
3695
7253
12397
28259
24550
10705
27398
9745
27431
20759
20736
24421
8984
24353
7871
12655
24883
24798
7870
18497
21300
7927
11072
12491
8597
7359
12906
24952
8155
5937
24263
24000
17072
28987
4104
2391
19730
23865
5947
11880
26106
25690
31536
7048
29906
21660
24789
25548
9899
5983
11242
32263
886
20771
8760
14541
10546
13564
17481
3630
14190
24536
30809
16185
22230
18128
957
4655
27630
4309
12917
14305
8679
30932
19814
10984
6151
2456
29799
12671
27345
15736
21722
18195
3248
24936
13120
14897
20790
24703
17799
26543
10113
12741
10604
21034
24167
6746
1375
10982
30672
5580
6848
6577
6578
9192
3319
17837
23919
29650
8853
28298
5668
14457
30402
1164
9630
23621
20544
23512
18706
26533
29636
13637
23904
17923
3071
24107
6837
27908
21029
29670
32236
17542
7896
31105
2345
19836
21674
32148
6847
18238
21965
25432
11820
13290
32141
5633
26821
13780
12644
4284
14267
27899
2867
16910
10777
28508
2109
14624
31111
23482
16072
10308
4414
15820
5683
2532
2842
20447
21545
11054
9737
4727
3648
16219
22316
14505
25104
23880
7850
26054
22358
11380
31632
28704
31869
27757
5176
16645
27788
19809
18640
18896
28304
5410
16037
20890
28122
13108
21025
1945
505
2247
24321
5724
399
28938
30116
15902
9689
17609
30863
5603
16516
29451
23090
2187
13232
23056
24401
6288
2407
353
11670
19239
28642
24203
11440
25916
504
7438
26513
7766
5633
8857
26907
13087
26913
14308
32282
13599
4023
30244
8166
10166
7433
3694
3273
20170
24356
30355
12656
9499
15920
12260
21729
18878
17340
18104
4547
10486
30007
30907
4935
24021
3234
29241
6430
18829
12692
7912
691
20643
30433
24990
13419
11201
28847
12046
20476
1905
12882
981
21491
30417
5400
4248
2440
12452
12885
10131
8762
3409
26624
19843
6271
5386
8586
2562
5180
23896
21437
27046
21704
19689
28981
18737
18859
27465
7682
27120
23063
25253
32744
17838
31243
27304
25475
5855
14040
29550
19034
24783
30028
20522
29053
29233
18227
11269
11277
5452
6770
27502
7653
10990
24462
29504
22632
11837
12690
31162
12734
1370
4897
2558
26498
13690
8412
16972
1500
5443
28409
7098
17066
11920
14489
28459
18610
14236
25762
13841
28826
17437
27502
27932
32543
16729
18827
31954
3056
22827
10038
23971
11692
23145
1801
3421
7929
20647
25613
13339
7219
22133
5275
20293
25259
28519
20339
13969
14827
4190
5470
5001
28318
12644
19789
24875
4273
10230
707
4394
3962
27219
19846
31605
27092
3996
28055
31074
2254
19046
9816
16280
28506
4901
5270
24016
20499
3647
31533
29248
7842
5105
12361
9630
20142
31261
17846
15119
6832
31840
8726
32400
23816
14361
24494
31124
25199
7580
5559
8069
15211
842
4945
30597
29760
3179
25065
23782
23981
31775
25255
1676
12102
25431
24522
14515
26454
23413
15917
20719
14574
18932
28382
32612
29237
21383
18046
29328
32168
10394
12657
22666
10403
11639
8375
31101
3628
17811
6928
4391
13374
18735
29487
4979
1617
22212
20504
31911
6164
3777
26852
30763
12053
15886
3408
30019
10415
17534
19563
13126
30636
3335
28822
8438
27532
1682
16362
30174
4004
1617
25444
1762
14485
16073
15607
32644
5138
26996
17851
32256
3616
22071
5138
18885
15552
11087
9770
9847
8470
30182
12477
29232
354
10858
6736
20660
26651
5617
18237
1519
21043
32673
405
18215
150
1145
81
25864
1778
17694
173
27938
1764
10972
10959
17230
16657
17004
31252
30110
25926
32060
4061
2617
669
2485
22991
29083
27693
20440
23333
32747
49
21339
23506
568
25554
32128
19577
10408
6102
7297
12932
15651
32277
7619
375
26565
9334
12136
12917
10878
11865
290
9749
17789
7369
6433
4547
16224
1706
10713
15426
16048
23778
21889
2389
27779
27854
12916
1791
27484
21062
13472
6575
22151
2710
11607
5290
26648
27911
28775
25979
10563
10026
26740
29616
8337
1244
1360
28127
9131
14554
17035
1505
13354
25558
11831
25052
30494
9616
20487
20532
5753
17081
26604
447
32336
2196
25208
11815
31882
7692
6351
29950
25503
30643
28702
31634
25213
6234
19735
6284
28976
1277
18599
26109
29360
16528
12362
31495
17780
5066
32483
19544
14957
2227
17827
28314
13671
8792
22785
9955
21161
9081
27242
30349
16160
21920
21096
18242
15916
15877
9889
15914
29486
21478
16031
22488
5992
29462
30236
12025
3767
21691
16706
20857
14054
12255
1182
11571
29345
25763
5047
9251
18443
8948
10997
21958
15865
20359
13965
13034
6937
29971
6776
15590
30639
18334
3180
30019
26991
12704
22096
22176
7176
22409
18358
28704
18779
110
30703
3258
14769
19024
10724
18853
11300
1302
14666
14590
29775
9394
9895
979
19383
14993
4250
25517
17302
27548
6383
29411
21390
136
11892
9368
9286
21805
7688
1419
23929
7317
23198
22473
31851
10116
1190
4487
18557
28845
14903
8726
327
20097
3682
4484
11791
22703
18192
11988
3628
17980
24369
10528
4480
8345
3435
1332
808
15835
27532
27009
32160
4225
19214
30133
25950
16064
7516
28104
18362
15442
4777
10539
20757
15058
19466
7998
10731
2951
299
24400
29153
32284
23169
24257
24268
11083
21487
14493
28290
24321
5880
4189
19039
18891
7558
20036
18075
11657
10038
6986
18788
10384
21886
22685
22998
7364
8195
7787
5489
13026
23190
29945
11755
24294
28794
24240
17283
15786
11228
3566
24758
5094
18243
30239
15210
32516
12978
3146
24988
6263
13401
3447
29435
27927
6847
25114
4660
29408
32710
16623
14531
22262
9985
18466
31946
25090
19105
22095
8753
28927
7034
28079
5925
19376
2973
24681
11467
16594
17459
14998
23689
12763
23277
3466
10145
1008
5369
9531
18294
23569
28946
10110
15068
5742
24857
23843
21964
29257
31666
1294
27621
1394
31654
29901
10589
29220
28662
8870
19425
7801
19174
21565
27741
23539
6804
10522
29240
7963
31468
29139
4668
4647
29569
11057
14216
6362
28581
5105
31531
18976
20034
15270
10635
4812
23940
26230
27930
16879
6521
17992
7573
22530
22773
20784
14228
15761
4805
2596
30946
26344
2730
2300
21386
21923
4208
948
15731
6933
17288
19934
3663
2326
4469
17749
7587
13334
25849
3223
1636
16471
23394
18199
15225
15450
27376
20254
28512
18773
4580
10795
12038
8529
9747
775
20870
7273
23289
7352
30736
9180
1116
3567
12587
31948
4175
26145
7584
22454
30542
22178
1259
23152
10462
18273
2275
7419
4742
30281
1959
7766
2581
21710
8580
8243
10098
13522
29268
1372
28193
25918
14834
11420
5053
13587
11363
21609
27463
30992
15243
27846
20207
26502
336
8576
18194
28834
2328
4203
24578
29950
2652
30639
17705
2592
28731
24154
7594
10508
18877
16710
9322
466
2677
15381
21766
5179
28099
14441
9137
1786
5703
21850
28223
7065
24146
19999
14424
20550
9521
22707
1571
18498
677
2281
26397
24223
2163
1555
16385
29908
12001
1429
19818
4931
26794
5664
29640
16161
32488
4857
13570
22983
17603
9819
12419
21164
7497
10091
16889
7733
4149
13865
26265
26796
14476
26269
12907
28092
22299
659
13463
1402
26714
27550
30030
15361
7211
22108
10880
23927
6082
28544
240
1924
7031
18224
18726
12378
28098
32351
12404
9555
12565
821
29678
11101
27345
14913
17037
15134
29026
8111
22142
17365
27912
32060
6402
8420
25489
1777
18353
18807
11205
28515
13265
16245
27740
7114
25734
12882
15211
17834
2633
4882
21336
20166
27904
31236
16704
72
325
9573
25795
24634
1353
24944
30437
15904
3945
27142
13321
29379
14697
12468
21760
21959
24448
32021
6333
12477
14634
23827
32581
20866
32110
20203
13638
3368
27031
32753
5744
14632
31016
28114
7183
180
5679
13706
7488
15202
17469
7459
10338
24651
12081
29629
12663
14652
21499
11887
2211
5149
30864
5699
30865
2094
23016
18236
29041
6614
22513
16530
968
586
20910
24658
28324
31851
13792
7309
6770
5524
21242
8282
9953
22697
28710
1162
30074
22795
8689
14669
3892
8410
29196
11866
15481
6524
17047
14613
5794
19571
32275
26902
2942
24442
31753
254
5852
28331
23304
79
16307
11835
12818
21272
16135
11357
22026
8761
29834
24336
28166
18124
8228
12966
27278
22186
20977
31016
30031
20021
29086
20742
1542
21463
13429
9085
26281
4934
28187
26342
32465
11323
24902
7592
19892
3710
10516
22814
22863
22190
20846
12393
28583
27501
16721
32749
18624
23787
17823
6840
20072
16275
31409
24820
9571
29067
27325
21140
22382
20957
32562
1595
961
8770
17756
11634
22039
17839
32314
1251
3119
8716
5677
16394
2675
20444
16657
5041
8045
514
19358
24973
26329
4507
14722
8821
7454
18778
3285
3451
32428
4730
6860
23995
10839
11967
15085
20207
15737
15047
31013
16671
28844
14773
7254
12790
26036
6567
13821
11318
11449
25017
32751
19907
28138
27782
14198
8476
12093
1818
5978
6439
4150
15297
9249
9190
14413
27398
11970
7346
7079
20604
27912
7913
23945
30978
32098
19120
6364
6336
20433
5082
29798
17343
18644
6698
7902
15204
22046
29655
15967
7939
9572
19668
25642
26464
11955
9217
761
25935
5510
26726
31644
1051
9030
7755
16422
12758
22040
28057
3432
27682
24366
20129
28634
28506
21141
508
21600
419
15439
25620
28898
3129
6876
30260
25615
20884
2929
9615
29013
15526
8550
9585
7691
20131
4966
17899
31724
20822
20619
17948
1382
30661
31753
21158
4342
11353
18727
6748
4623
7634
21274
11243
11857
3146
6266
29992
31890
26497
19699
18277
4409
12383
25886
31278
8503
354
31124
8919
9367
12069
25618
17220
15754
12092
22879
9208
6028
21538
16956
4976
14109
20878
2227
14183
19082
4154
23440
9600
8646
22387
8940
83
13325
6282
5384
2148
17027
1308
14499
32499
28728
8051
11403
17599
21399
20526
23998
13655
32478
29305
19374
764
20635
18371
1584
13566
2043
9175
18827
15823
22026
29521
5560
19490
7652
2322
9483
21920
11302
7356
29000
30833
15601
5769
13624
31364
9496
1420
14807
28430
9210
10826
22177
2643
11533
24928
8186
9159
19732
1928
22012
6448
8047
28114
2512
12090
19073
1342
23583
7642
8792
11272
12076
3741
20704
8801
29158
21196
17421
1387
12028
24023
24494
26708
8910
25014
7537
13698
12010
8295
29878
29294
28258
24926
7233
10303
27156
23624
18849
3854
28987
12274
7835
3176
1405
16135
22037
5783
5952
3912
30891
2776
488
1475
9789
27248
14429
14010
31961
23720
11322
11740
28250
401
7918
24271
15041
24265
10274
8544
11819
11598
19551
26605
29467
14043
13018
8515
4867
28641
26265
3688
29275
15608
32601
2637
20084
17886
16658
18792
1880
16259
20659
10214
32584
14127
8593
2593
30966
912
7202
4811
1736
19224
31524
30149
5464
1203
8705
10433
17979
23798
1671
12480
22029
10845
25659
28766
15724
30914
23000
23808
31927
18204
25811
11471
11109
323
28489
22395
4548
29498
14343
26541
4300
6608
2195
9425
5449
27809
7389
26080
26791
31892
2279
4011
2761
8250
5964
32609
31154
3667
29405
25454
23214
858
8076
995
26216
20563
11052
16687
6525
31426
29300
6274
15064
19181
8969
30326
4472
9473
29789
25702
18865
27801
19362
4438
25282
19507
31780
7646
30550
20448
25653
15804
28102
10761
5333
12635
20356
8899
22810
6117
14025
28654
1858
5807
22610
18454
26225
11321
11511
6178
14058
9090
2995
28653
23566
22767
25304
17702
12155
20979
2877
3478
8236
7956
24722
12461
2051
11250
5859
6358
5840
13174
2607
2772
27449
11557
28641
12873
10852
29376
28550
9208
7603
10157
3477
6769
12201
30406
9722
32525
26153
5398
20136
15496
17014
2225
28073
10333
27050
11969
32490
31572
14235
29849
8465
23373
8172
18392
12052
27635
11947
9166
2700
24500
19044
14401
7594
5327
15469
19494
5138
26951
2894
30049
5257
9190
15198
10802
20788
2061
4538
5537
11323
23055
25040
5775
11899
13723
26929
31785
17824
17821
576
32379
27905
31789
30334
8896
9617
3573
13556
17884
29948
18239
24219
22436
15738
14910
5017
8392
25563
17379
14355
25691
10809
7455
29792
29588
19499
7301
17520
4839
19383
14286
30116
22270
22156
16578
29509
23242
12615
20564
21279
12537
13568
893
651
24414
21975
3836
4940
17185
23864
11404
31700
5260
23344
9420
12615
27209
3582
28357
29392
17055
2572
15898
13539
18168
20588
230
1780
12139
12164
12204
29402
15145
129
7899
32136
28289
17031
4050
932
29076
27345
22474
24784
2827
5982
22836
2619
29792
8383
29534
13055
21259
25872
8798
20867
20508
22627
14584
10623
28849
17103
30905
20636
32010
17025
3634
10573
16267
3745
25802
24293
22602
11405
12319
18491
26035
18028
28694
2507
28498
24581
26392
32549
31802
9349
22237
61
29865
23334
8627
31818
1737
11811
15284
672
22047
627
17957
13697
4692
28779
23800
29341
16298
22128
6710
10689
26389
1418
11911
25740
32277
15790
16456
18839
5215
6984
8056
25579
13237
14043
1743
27444
1083
25882
23265
231
17271
6433
28774
18020
17957
4066
19178
5351
16302
8301
11097
19867
22057
1852
28482
10300
31534
28642
22874
3769
12966
25202
14052
14031
25996
2126
14174
12693
19756
23562
29009
17796
7545
8936
4636
17484
4898
11051
8768
29891
4176
30170
1174
8136
18952
24440
19179
22488
15113
12165
8297
7492
12005
17666
18972
13671
19379
22316
12447
20689
24979
4351
25773
22320
20085
32076
25804
21509
1739
6542
186
13456
5645
28162
25440
21099
11745
9168
5497
18895
19067
6562
799
13956
15654
7262
6248
12632
989
9356
3751
15979
27554
14914
21228
24829
31510
3860
12895
20316
31993
11277
27406
13267
4627
20582
6961
24305
23317
29314
17887
13591
28974
7690
7552
28370
20728
25306
21406
873
31275
30975
17592
5721
11687
16343
921
32565
13223
24267
16181
17356
27445
15745
12634
12006
797
12785
1256
25580
31986
2574
6795
14083
10357
16318
12350
28612
17642
16509
1234
6075
17421
4279
8619
2672
28863
12847
12173
12665
