22564
7966
27690
123
16367
9114
8716
3353
4667
26534
7440
31224
7484
26058
28650
31456
29751
5300
19071
318
25228
13201
25242
6862
30432
16923
10708
32391
14793
6
4177
31101
13035
2206
16224
1172
12070
5368
9548
8067
22180
2152
1467
31760
13774
12142
637
11032
683
12030
12809
9787
14768
599
10268
18428
31351
5092
22553
12563
5174
2612
28826
18043
13489
26521
27598
7383
23393
20414
3784
30726
4276
3658
907
17366
8295
13649
27878
4289
17096
14038
157
28003
18631
4305
27203
32391
27734
20340
28045
31152
27733
24098
12335
9904
20936
15083
15591
4816
6885
5783
3932
32620
30637
12234
9498
6092
20084
19526
26738
31800
832
16519
2052
21615
3761
9816
16600
18363
30544
31344
31227
18292
30773
449
30510
983
16424
6346
16797
8458
9018
5224
10276
22492
24488
4268
2800
21348
30919
2515
13001
9531
16151
2893
27812
12073
9338
1612
14789
12225
15738
9204
24040
3461
11246
18189
11157
21963
1167
16306
29553
2439
28639
1329
13415
5342
29459
11004
1360
27413
17477
6934
26808
18131
20393
21575
11789
13841
22991
5651
23510
5591
24291
23941
21513
14098
20380
823
20816
18267
21473
8126
6692
9415
12526
7644
16
15658
31228
25735
16486
653
21594
17256
11847
30918
32221
28150
29156
7595
31038
6404
25716
4259
26930
10180
17856
19332
21845
24188
6430
3392
31067
7617
4230
1968
23599
20344
5238
26020
15253
8281
15210
20213
5999
3028
8609
25624
11314
16388
15261
13006
17651
5293
14042
23153
32185
7340
6580
29715
20075
23838
2279
1817
31605
16591
23340
16731
29983
625
30713
22820
25984
25590
32037
27557
13697
30195
31143
7825
9361
11200
26435
14147
31895
6758
11236
29166
15341
30111
14651
12903
20471
4725
10700
17682
25724
5969
20624
5359
15436
26120
19103
16803
7505
1406
26942
18914
19281
16529
16261
2427
1769
5445
217
7942
9920
20150
23418
189
19280
32452
4742
20877
8791
14502
8837
28952
22082
20929
21254
21506
322
24649
23049
6178
20489
9057
27523
22795
10652
13022
21618
32634
15259
32447
19775
4532
17833
20808
3669
30889
2154
15630
31753
1428
11711
27419
14103
31223
24565
23085
20260
23850
18516
1516
26878
31241
18520
2610
22814
32421
25758
5343
15677
6804
7402
25094
32293
6978
22623
993
4941
29178
22792
24060
31068
14742
31969
4745
16136
31454
22548
15341
10429
17769
27953
22834
23182
20749
22998
4562
23405
1553
27972
12378
30620
15485
1965
30920
23298
24962
6226
22771
16699
9270
1365
29319
474
24582
11047
20615
25633
27756
5539
19726
20231
31497
8601
12808
17888
11813
5327
29146
4908
20482
2594
13834
26373
496
32745
30738
582
1661
10482
32651
9946
3676
9618
10323
16207
182
23251
21850
30957
28184
9107
32416
8522
24396
28060
3363
31313
9064
1075
8828
8127
22010
8723
23016
14550
476
16404
517
11334
20812
13519
1179
22300
14783
25187
9977
6594
255
31902
16169
14509
18035
16911
13246
6396
4265
21206
19742
10545
22521
866
28867
12077
26529
8914
16894
3992
4945
21517
7082
16840
25062
13389
4550
17127
15959
17206
26055
16137
15969
13203
460
11637
27386
21471
8082
30282
3092
4622
10847
23680
31094
484
1471
28615
23585
29006
32585
5028
25881
7726
4362
3608
11683
6181
22929
28782
28183
17803
24389
2403
29763
3385
22807
20309
5032
27260
6955
20800
5136
16990
5734
21322
30301
10296
21798
11758
14205
32643
2675
9155
28506
29357
21820
2262
25562
3629
28402
4778
16003
18590
4975
31438
31549
32630
25656
19151
28950
5949
1515
109
27057
26780
22612
759
22616
9856
27754
4991
32679
8040
18534
31015
24028
30298
11751
22423
30255
10602
19731
3355
27290
924
26018
19036
15201
1516
13237
32211
23306
10726
29409
18613
14962
13845
17346
18256
3625
19098
1176
12138
31101
4186
20043
30149
1531
12788
16915
10363
32679
28491
6011
17178
2132
16401
28753
7155
18778
19526
26508
9799
17335
17075
5703
10064
3374
17445
15043
6221
27373
23109
11531
28923
22498
25899
28776
11532
26224
25420
29861
5922
23085
25304
2758
26894
22609
22731
26471
25621
10212
9060
27968
888
26880
26893
434
29549
19122
30555
14420
29279
21260
3040
9086
29335
22736
16044
21382
9660
20724
7097
32571
12981
28603
3258
7282
21546
12125
32584
8563
29771
26942
6873
3642
23944
25519
25660
28450
20521
6723
18335
31463
20315
29599
22722
2568
9848
19818
31077
9353
20409
5469
6917
1367
9194
21266
18755
13612
32341
32648
20247
23179
22390
12497
2106
23844
26292
1064
26856
13076
17927
26629
2457
16490
4540
310
23416
30107
12671
31149
3373
2681
19959
31382
16804
20192
12094
30983
27981
23835
18499
11678
7336
20460
4051
20601
2149
2203
15376
27117
30619
22987
12801
29433
15784
21778
23029
13555
21701
23471
7561
24021
19540
14409
5185
30557
15412
26791
27052
14863
6594
14057
26078
26050
8863
499
14273
6349
12199
14287
2265
30788
9649
2306
25426
3808
16884
1173
6281
21702
2064
26301
15198
10803
19134
2742
15009
26529
9575
19091
8017
1735
18676
16402
7970
16964
16785
4045
4808
14663
24892
1316
25777
28740
22433
15741
8738
23918
17236
22014
15302
32567
18819
16120
3598
26659
20782
17011
9936
22464
32710
30702
12164
28871
24040
16627
19914
21118
12811
19506
30669
11513
3617
25651
26531
31566
14291
486
26736
32343
10847
22307
22496
2773
6560
16996
16531
15692
15831
2513
22339
23826
2783
17042
7901
21079
18175
14508
29743
2591
17118
25510
31945
29871
19273
5773
14196
24844
2913
30795
722
10330
1368
24304
18675
12363
32170
18737
10545
5653
14531
29943
21073
26930
19149
8063
21368
24527
31029
27201
6919
19226
20807
1266
22288
13462
8617
13885
2820
32430
32052
8434
4980
1287
14203
162
30207
5607
26864
18350
8954
2333
31378
8098
1757
32304
22773
14544
16883
17451
8361
12773
28767
16425
16775
15838
6825
8895
31014
11812
23626
9024
16021
15149
24147
5454
17075
13567
30801
28949
30907
18902
12435
12954
20933
15004
714
15908
24989
20361
3217
13747
21164
558
5049
24243
26731
8624
11746
18569
212
14454
19989
29541
32556
22961
25959
28783
14030
7382
23493
4832
22165
14086
22129
27519
3656
26193
31605
16055
10904
9934
2549
19511
17345
7551
2306
1624
24448
4363
6305
7015
20224
4454
24291
4491
28219
3441
1373
1112
20205
9965
12922
24271
20912
24149
14361
18951
24631
20670
18481
7914
6770
13541
16513
669
10501
28433
17071
15980
29694
1867
8296
14049
30336
8289
30636
22549
13035
14248
3770
8625
25216
24857
30056
16947
2069
30037
20397
12303
23879
867
9927
32714
84
16416
7767
21656
2376
11512
23722
18968
8318
13982
13509
4552
7172
1782
24219
11387
8517
6510
130
16990
13401
3523
28913
20781
22293
22799
4153
18712
13274
21878
32179
27304
12679
21276
23181
26953
7572
29059
18089
7839
22855
19426
14014
30232
7799
1546
20687
3767
24825
14369
7749
17916
10873
14027
28700
21115
15511
25848
26532
7006
17996
23718
13119
15481
18064
1264
29596
14231
2100
16197
6333
12311
24474
26553
24670
18707
19553
25215
20105
26359
28499
29423
12993
5119
23986
1114
30632
19875
15937
23043
32452
31048
19411
27065
31310
997
14234
13243
3400
4452
7172
30337
12946
18384
410
12428
10612
30886
24152
13437
29257
10050
31913
28907
30826
31831
8104
11336
25475
14604
28459
10163
19360
11827
6647
19660
10362
11225
12373
19285
2743
15721
8967
25099
25475
11380
17121
14860
12896
28697
16749
10568
18640
2592
8531
29101
21365
6078
792
27658
5340
15053
17925
30115
22592
27504
19748
28954
32295
875
15261
792
32715
14802
19835
23012
7024
20327
20820
19983
14504
9820
30011
10380
5388
24175
19348
10334
28552
18419
20793
17797
1783
8610
2747
20808
27032
1417
2880
8387
13966
9494
7620
29701
24267
5599
27439
5380
5705
5316
23210
23214
26770
18651
15837
20654
12026
19885
6992
351
31215
4051
20408
27390
2222
2301
14357
19607
20122
22050
8369
5307
31769
6071
19841
32579
2085
16366
6504
27937
4100
9504
20381
5245
2918
24000
32319
23142
9538
12712
3295
28225
6054
29756
23212
10129
2
7854
14108
9531
9237
9129
10869
9701
14328
9814
4706
9642
6875
13150
23751
21189
9152
8157
11801
100
21112
1277
222
22977
6906
25266
5979
14471
3201
22401
30824
17797
20362
21077
29199
3140
31223
7660
31957
15
14113
20370
19559
9626
17057
25422
3870
28000
24109
29126
4590
5466
22455
14562
3120
31703
23455
16397
8209
31309
3455
30531
7529
13554
25044
32253
26842
12378
22870
30195
28407
16046
9656
5912
16703
19596
5951
18260
25245
9705
16812
3712
26655
15457
11176
5877
30238
29050
32007
2121
15921
25618
20007
14100
6947
18767
12942
29429
12447
12358
10741
21109
19131
29831
30480
30474
14610
32359
15680
5164
1605
31500
30899
12311
25233
5673
18456
22601
25520
12064
23913
30071
21426
30549
4267
22217
537
21831
11970
20647
1228
7917
19582
17793
32459
553
12954
14443
7963
25448
6482
15885
18306
2703
5267
5011
19060
3718
31937
26546
29393
7603
11899
11478
22637
2142
3080
12366
4989
27369
12966
31880
28677
17958
15477
22445
15362
14247
26594
19177
21118
2666
14285
3824
12300
21669
17084
31817
9166
15760
13851
19139
29839
25186
11640
4959
22878
14107
20001
21231
9248
31497
32701
22848
3098
4607
9554
5681
25415
1763
18598
5952
4899
9447
32737
31239
12851
30416
10819
9268
17173
1965
14533
24103
11619
22144
10496
6278
30861
2520
13429
9284
29204
19705
3629
5019
14532
3275
20337
3293
5187
8454
19504
32324
620
5419
5632
343
18729
7363
25666
32169
28527
10044
2230
25405
24211
22587
26524
20863
25006
24239
2337
7514
10063
6498
24947
15970
11018
27686
25027
11951
17825
26125
23230
28176
29542
15802
27292
19508
30095
26872
24924
4188
26188
2919
18659
13251
31100
3223
22455
10938
18744
352
1198
23840
27531
19722
17476
8037
32097
30895
5786
23173
20381
10355
16382
27724
31320
15427
11593
6084
17446
26833
32134
6595
30478
25533
109
12234
10682
28835
22755
25709
26477
24895
29468
22625
9067
1278
30252
17512
1724
15564
31724
7091
3412
15321
15474
17150
9944
20299
6324
4462
10153
8403
23805
29280
26457
21640
3440
18743
12500
18
8806
25188
27374
24020
18788
17037
12323
12879
1339
2135
8844
21936
30245
31188
10966
16286
1885
7318
14143
27017
4216
14098
28967
563
2467
4518
25988
30768
28641
22484
5659
6329
5630
26972
21983
14209
30124
17963
288
17783
18824
30037
31568
20377
4408
23020
21724
12283
17954
13596
23315
11451
22310
18916
29837
26294
27594
14983
11634
26184
1879
18152
1666
16752
17738
21484
8976
27586
21324
21498
25985
17129
21595
17591
9742
4428
16865
7869
3195
8721
10190
31626
30868
20352
22187
5779
31245
6518
31551
6048
17459
547
29948
22252
32461
25553
1033
24524
3202
29352
10620
32227
5981
29241
30118
18706
18118
23315
30198
4687
11566
23908
9769
6474
6134
28413
21223
17190
3050
3591
31463
2252
5350
22617
21445
30418
22862
18107
23681
13378
3294
17575
1171
3392
27878
5766
23182
30975
15755
23909
14144
29530
18189
26891
22816
30217
16981
13508
29025
13838
2130
30559
20127
4225
28766
21469
13369
24575
20644
23655
30762
7753
6211
18500
31373
22415
12135
19066
32255
10489
5349
927
8467
5681
15696
6060
18930
22673
21437
7426
4390
4348
24847
18530
487
5503
13744
18196
4758
32528
9916
25599
26699
5972
21963
14170
15187
3787
21951
10894
22393
27964
5973
8001
20829
4743
13178
1171
16582
21143
7482
1670
8875
22845
11376
2151
21879
16096
27676
3520
28054
2546
19076
25383
12920
13282
12944
12788
3356
20684
20048
24167
18917
30225
12198
17953
8055
8989
11752
26038
21231
14734
5029
10212
32379
1040
11672
22788
18821
31750
4247
21215
28728
15916
12264
31737
29095
80
8202
4581
26538
4597
4098
3975
21677
28544
16078
25408
24206
6614
25988
728
25056
10399
24879
11019
21885
21946
17311
12511
17038
7018
27158
21076
3397
23225
27464
900
27770
22644
18444
25319
11148
17257
22512
14556
4912
29478
22818
6552
1625
22600
6216
528
13556
8127
19028
10668
19725
21164
25139
31446
17913
24106
7600
12056
17069
14973
8053
19656
13358
4580
31924
22549
25770
13679
18593
27480
24545
25483
9891
11472
5551
11996
4441
2119
11497
2879
18220
26940
6479
19279
11103
8887
21236
23424
12312
24250
4153
13915
3619
22987
25142
8287
20474
24397
30337
3420
20160
29973
15199
5695
5581
4131
27662
22642
30008
4628
25128
702
30541
65
9257
20395
21757
12721
31252
25329
1965
497
11449
2187
31860
28206
23815
11747
28495
6903
11998
5737
20492
13355
31815
1857
18815
18932
4779
29490
10408
8767
2392
27915
14785
4221
11797
30472
10328
17283
18173
27964
13862
13889
8275
31030
10401
22679
32744
17062
21000
23443
16534
31609
30279
16903
31178
7670
1280
27081
29881
19481
206
14173
30108
11383
27436
27312
3983
20512
29655
5589
16826
8622
6475
5509
14018
22356
2569
16256
955
1504
23346
15674
17312
778
1002
30291
30331
30940
28064
6058
30231
32427
7555
26381
14694
15967
1451
9903
12707
7392
6142
22113
19199
21000
18239
15155
31398
6618
27849
13732
24889
32062
6348
6320
5838
623
30600
18163
17788
3234
27144
8091
5024
19511
7138
15412
22998
27994
5137
26687
26395
6429
16778
27761
22891
15148
30817
26023
24204
27385
15189
12329
32554
28570
23741
13628
16322
4982
1138
5525
4114
27104
18107
21199
10204
2656
29171
1
16102
25674
26777
22855
16610
21403
23199
27989
19264
27095
20158
5378
20296
15578
27797
21819
29081
17351
17268
13139
6403
25848
29229
17798
28055
31778
21471
9678
12764
2195
28434
8171
23556
30508
1319
22289
30723
27905
13369
23679
7700
21457
12551
3857
16852
17813
8685
32508
24186
13078
12691
3056
26419
6101
14988
2047
28840
28478
13861
26043
21290
1648
7526
6690
164
5685
19531
13828
18359
29513
19937
15038
4758
17546
1522
24899
31799
7456
32054
20524
2918
14643
5884
5574
25343
14121
11181
13975
17542
15614
31573
4511
27261
11634
18837
702
27393
11145
5824
3426
11477
9912
2305
11111
11630
14529
21388
24007
30229
5208
16884
16358
5040
21626
6668
28909
26687
5717
4485
15598
19422
18639
23505
20480
2520
31202
15302
19504
2892
12695
27544
6835
26987
17327
3394
11026
22154
20135
19207
28665
7879
7181
16763
30284
567
9454
1947
8265
2051
974
7112
6825
31360
1521
1152
15640
1599
27467
5132
26638
29786
4170
24624
23363
27790
27054
5456
9580
13024
19485
27388
31518
13810
13858
11218
27463
11724
13734
25547
429
31115
9800
30726
31920
12605
32199
2590
8311
20058
9265
14362
32129
16466
7083
6095
21367
24314
5807
5330
32227
13765
9781
5659
32388
16010
6101
10113
5818
28463
27006
26062
18688
3054
22122
3740
1958
17587
9193
12021
17427
8563
23784
14802
8925
5359
3091
27057
1898
14103
1215
16295
21692
29098
24092
25294
18250
26089
15800
32622
15144
27383
16109
24412
10469
13911
15049
10958
16132
21305
10752
32489
30645
26326
6475
31109
4800
16710
31380
1310
5335
19607
14564
7630
14752
19378
529
29969
10219
5636
16642
4604
2709
18186
20880
9067
14006
12083
13485
32549
9599
29991
16299
18608
17758
13506
31538
1866
10284
31499
11387
29342
1653
10660
4669
29605
29819
28550
22310
3078
3942
31335
11053
23188
16378
18483
31466
10941
2309
23475
17218
4237
9926
6786
28124
30686
12275
24682
9160
8884
13145
32498
8710
24521
5509
12667
9315
14925
23647
3945
26956
2677
10124
19014
8596
1653
7236
31658
20786
30940
26945
31698
26534
29874
17953
9360
27167
20515
1797
14023
28658
16862
10375
3170
14346
1789
27602
27634
28218
742
28591
17798
30836
10954
14582
14616
27818
11176
640
8838
31611
7423
19325
23153
25139
9264
6117
23695
1737
13159
22182
4809
20839
12193
24192
21091
19781
5501
16744
30125
20970
7713
26552
26795
2143
14870
28503
29948
17998
7808
12784
13102
21090
16305
24300
13552
8802
23122
7596
25226
10889
27720
7186
1886
20985
17096
28025
32545
331
15998
11549
30780
10220
12843
16981
27264
16947
10297
10681
16668
18087
19326
16428
30513
23108
32504
19766
9664
3480
10953
316
3661
5852
26309
27193
4281
859
15228
4417
31550
11360
28522
10371
14212
26800
18122
31738
24920
30204
4168
28749
17090
27020
6772
6181
9849
29233
27350
3502
9045
27915
5483
23027
16378
31470
15112
13161
28628
5178
3896
16231
20511
7331
14199
5383
32644
5103
18585
15595
14438
12205
15658
16506
15958
27262
8443
22883
3963
6287
26479
26931
6397
26519
32174
8250
22042
7003
24984
16201
2140
9217
12113
26351
30677
22660
4502
17962
26324
20336
2540
17221
16998
29779
18336
32074
22432
4303
4980
532
114
12769
22153
14784
1756
9082
1039
10598
17942
31271
8716
25264
13137
18064
19655
14256
13240
23707
10532
8921
9003
11299
18939
20840
19407
10715
1344
24547
17892
4829
3906
7543
27973
14239
8919
13129
18486
32178
19192
5138
2073
5198
25569
2440
13958
30617
3733
8836
3244
24694
21341
14686
4812
1824
5382
20555
10717
5329
12668
27558
15315
4808
10445
25110
7572
11137
18578
30103
31438
25150
23432
8771
5645
17148
18899
12129
31392
20850
19040
27976
4196
20855
9904
26547
14053
19349
23084
16312
15929
9488
17199
30086
8426
18109
18181
22625
29581
27592
3869
28282
15577
25080
20533
7642
31561
3128
14334
14257
192
6456
19224
18804
6596
17224
1027
24640
32501
15952
21431
9437
20214
5601
26329
1849
9585
10773
4614
21619
9518
9409
1115
20064
22444
25933
5324
29562
717
20268
20482
31933
20026
21077
30485
1540
11028
30995
2539
14387
6288
26351
32465
4640
240
27800
29078
12821
30686
18825
18621
18577
32190
28226
20984
25916
5351
29471
7037
13102
15446
358
445
4377
23992
20739
32417
7330
28922
11178
29051
18106
10720
16943
31370
4294
6580
29863
26
18174
15297
27722
3778
16193
24715
19733
1864
28388
5046
5091
26305
11030
14846
13859
6071
32301
7517
16640
29282
31842
2950
25007
13468
22050
6894
11268
554
14578
32741
27569
11746
6550
10868
30209
27247
1228
24479
24517
16056
18978
5650
28529
25561
18420
27489
20062
10021
10105
25352
18434
24355
18486
4659
31738
27925
22296
5843
13998
20505
4792
27532
3193
9887
25022
4474
10373
7788
27088
31373
27504
2972
16965
24470
22059
8187
23227
7053
22704
21631
9298
21048
25744
11012
2700
7243
15599
8706
22944
23229
9843
417
6952
1656
5183
12168
15028
18601
15375
16881
16480
24202
31111
17904
24232
27612
585
24944
23051
22299
22039
18712
22326
4018
23746
12823
31664
2643
9435
25748
15795
16994
30862
10838
22525
16664
7781
30938
18276
17257
14308
12211
1714
14441
9516
30749
7210
11892
6009
26101
18810
4965
20466
5421
23543
3994
26594
8293
6133
32445
25443
27138
13196
18932
30205
9262
22169
14657
18841
3809
1127
27632
20879
23526
19486
30338
11518
14148
18544
27771
10917
29579
22952
11292
32306
30061
27312
32276
10211
5963
10994
19178
22542
17636
14202
21104
21067
24147
12406
6937
1698
20053
12522
16720
19178
13610
13943
24008
28109
25858
7400
2831
20236
15726
18534
9205
25047
22657
6472
1629
31384
14383
24388
7222
17696
19782
2557
12811
22164
597
21579
31090
11230
7937
16219
32766
3021
19703
11435
18773
23713
3917
17642
29567
28164
16179
18417
23148
25095
16426
1821
22475
9827
29925
28836
25083
12856
16150
30787
16941
5463
12053
1091
32244
21450
9854
2675
21650
1149
20424
17771
24614
16433
1430
553
13366
2200
17795
23266
3024
28502
22754
24702
8910
2763
29152
9735
27584
31368
31654
8579
2523
18944
12469
20581
401
24239
10012
14460
17034
20591
26889
18605
1096
3706
21172
20634
6037
26203
15073
4564
8229
22737
26821
13442
15894
19746
7206
8199
12893
11840
870
20377
22670
12878
13307
4197
29043
13238
17597
19162
1037
13052
12970
10286
5742
3226
2586
1956
8964
18193
22501
16726
4694
24318
2855
26055
16749
8270
28606
16305
27099
427
527
28970
17863
6250
22653
10079
27180
627
12310
607
31658
3535
7123
31553
28532
23329
20221
28806
32155
22742
194
2672
27055
25025
26893
8282
16531
917
28878
5775
23327
8291
24162
18021
15732
32074
27087
30278
22851
24786
5927
20312
24291
13829
30480
28492
15845
4470
27967
2195
5374
10692
13338
27228
8357
11502
27616
23129
13069
19182
19572
11617
29374
16825
2922
22492
19826
14158
23604
18473
3780
23773
9856
21905
15965
2618
3853
21977
11329
14743
14945
17328
31644
12579
1361
31551
25887
20652
20523
30563
27665
6545
21428
2761
9524
3967
32441
23165
23166
3077
24524
1650
10515
13972
29648
20522
32505
23580
25124
18129
7918
29236
16142
15862
11048
15234
585
14206
23433
12692
5355
12212
22381
21993
21136
23516
30661
5969
8711
32502
26721
18311
9808
27271
4189
21937
27334
31137
10171
29966
20719
28969
29680
30157
24910
12887
1888
26625
27573
24548
2699
11289
32745
18863
23747
8222
30016
12787
22613
19382
31766
18798
20815
4871
27328
22093
15648
3086
17284
20994
2061
7465
25160
11898
4063
4871
2831
2100
9210
10042
7794
6094
12777
2434
27354
24972
3523
17363
22028
1897
15284
24980
29135
26592
27820
20579
1285
23466
27592
8738
4617
31830
18186
6658
7836
4064
9362
16792
8502
32344
22874
10156
28047
19050
18619
19395
3982
26527
28227
12713
31635
3393
27971
8121
22212
24609
15161
19173
17636
10050
5286
12050
11849
25876
31918
31543
29345
18579
18561
15821
12158
24691
4808
14675
9571
18022
13566
3916
16718
28212
21619
13908
165
32578
5731
10080
5840
22993
24740
12372
31928
26986
29435
3960
1271
23800
4071
1112
2286
15420
14810
27642
14587
27834
12984
24800
6033
1589
11715
7870
24609
557
28145
21225
26758
4802
13093
12365
3176
8559
25451
9158
22964
25217
24249
14043
25552
23557
6138
2535
19229
4840
5653
15000
30153
14856
16402
19405
24458
15103
7287
1078
4917
11757
16735
21751
1415
24261
28163
4543
1589
14705
16045
11033
9534
26812
29587
12318
24568
6205
30620
200
31083
17676
25470
19203
17649
15306
28872
27294
12823
7574
4695
28822
27499
9737
8820
4604
8668
3093
14881
14116
10849
28089
3225
21735
17423
30188
22881
15481
8389
4806
25118
9400
30070
4075
1920
5742
22564
32404
7297
12516
19816
24310
30806
24148
16891
30865
29888
14960
14534
10642
2182
4479
7206
25800
27609
30842
13332
5517
4941
21190
14907
30783
21150
28202
25957
24899
9074
25115
28233
24698
16622
13766
24733
7709
20085
10833
26808
19291
2847
13852
24855
6559
10592
30191
24598
20969
11205
24678
26038
27095
30249
29584
12308
28784
16228
29669
14630
11692
19934
2667
19285
32597
323
25161
16637
32093
8871
16606
13730
4590
18438
32624
9205
9326
26024
12720
25618
30082
12225
14315
20798
11606
12890
1578
17512
4951
3634
27021
14083
4197
14630
20777
21953
30512
3723
28731
17927
8219
10042
1085
18528
15356
17479
7814
10342
11037
22753
28343
10786
9478
24093
1819
24201
28054
15183
2726
7374
29538
30842
12747
18694
5175
919
9702
26177
4938
29432
21882
27247
10653
30728
27257
32626
22852
29716
26717
323
11401
19208
11968
14642
7629
28546
2553
13446
30443
5067
5820
17585
10767
5629
1694
2713
24990
8077
11881
19395
6070
9935
21621
32034
21436
6519
20576
7450
14884
284
5114
28874
20588
30702
26100
11346
24515
8766
4691
12822
9665
14414
20748
3747
19040
19143
18616
31862
2222
4488
4607
30572
28096
6269
1903
2282
32468
22036
3539
9588
14631
22191
22782
13576
28125
28506
26588
16550
24491
15375
27395
30527
32616
21787
4909
6131
26627
23895
12096
11050
27367
18845
19912
7057
16137
32657
8502
9733
4471
18284
12758
26307
12279
13762
22147
15305
25593
11989
671
32664
1328
7451
18426
22579
5391
7853
11250
3947
32620
30250
27682
21044
24739
27398
7152
8983
32389
1548
22494
23148
32643
23329
12859
8437
1388
18955
20490
23982
27383
16617
28298
25139
23709
8033
10559
14411
28149
17291
4578
29375
19121
24097
5616
496
8455
27194
24567
18890
20928
4945
25431
19271
8288
20863
11023
24238
27280
14046
32584
24259
10864
10852
14765
28239
29073
22559
12200
17370
16829
30312
7567
15695
7832
29960
10652
2733
13219
26421
18585
28403
21796
11013
22224
3590
20520
8389
28528
31505
30079
13536
25444
6311
18179
17562
31324
14817
21660
28732
17502
3363
3912
14212
27446
28451
21534
4310
28133
20821
18206
32696
1391
31718
24109
31518
15059
22978
31878
4623
6327
16307
13684
8552
8317
15724
31814
7936
20757
10980
16483
5148
23859
8867
29053
23221
14454
10103
16321
10547
13434
8456
20
15850
7736
15511
8994
8402
3048
5423
7873
32037
19157
840
3565
12364
2474
6233
11060
9291
8088
2851
20903
30084
11827
18091
3283
31852
24623
19054
1186
32153
6006
30378
30700
3239
24192
14602
13351
11091
21252
488
17985
6961
10987
26297
22101
31052
9993
8954
25883
18484
23651
4082
10726
16400
29157
13352
30368
18417
2823
16569
31190
969
25125
24609
30334
27036
19481
1316
7133
8630
4131
2141
11187
7787
9040
10865
29677
2231
7122
8293
23991
2058
21640
4348
2460
14983
8045
26690
18269
13133
32018
12250
8180
5008
6371
7460
26770
21181
4669
12046
21056
20670
16704
3552
22420
14339
23413
28616
25789
14079
23177
25220
5824
19040
27660
1174
28722
1225
1803
23591
6941
15826
19360
16483
14835
4023
26270
30566
30768
30859
21026
28585
5039
25666
19921
30719
23410
9668
7978
29095
25321
10834
18784
3544
2354
11751
29535
25571
30248
19594
11871
9636
14044
10519
23163
14271
30896
17114
27990
26784
28026
15563
6199
25434
9547
17147
24960
30688
29367
24513
18128
30208
17298
27776
2978
18882
28273
26167
30802
14973
4870
16982
24193
16040
15202
29277
3722
22414
28300
16239
32651
8877
29983
31249
20807
8977
30419
24703
16635
11371
4014
14174
29665
14778
13661
24044
20482
28374
27235
557
24462
11593
164
14870
22948
28216
30540
23082
13320
11147
17137
22452
574
14664
17350
19179
17605
16361
10260
590
12398
4626
14249
14912
30997
2119
8116
3539
12246
15951
19224
11144
26806
2213
23371
22106
3072
4514
1584
17962
7251
8635
11327
22782
14588
30189
9146
1514
21533
11707
24608
29237
32413
6864
15822
30748
12450
6290
28797
8498
24314
27182
8872
11528
1494
12778
30470
18268
17430
26509
29702
10547
13403
9039
20612
27030
10114
22988
125
15546
23999
32017
16444
12047
31791
29943
25804
11967
29167
5454
7931
9113
27206
18848
18671
8436
26864
25923
30229
22453
15481
3808
28871
28329
7854
14818
28804
32304
7508
23367
23280
8117
14640
12126
8177
5959
10271
5291
27339
12967
6634
2888
8547
5177
29712
27812
8693
1108
11184
30024
27472
7033
12980
24069
29155
12773
1574
25601
28072
23507
22632
25995
4651
10708
11628
19452
17008
9427
8462
28536
28189
12693
5168
11178
12335
3216
27580
4746
3503
18575
18192
5533
10818
9912
17034
9737
2461
10871
3636
25982
16932
3194
11107
4887
17087
3028
18930
21766
23547
24103
12370
12576
19128
17131
18338
22996
12192
18692
19724
31102
20843
9028
29703
23471
1060
16416
11447
15625
17197
16004
32009
3439
5702
8326
6183
10641
6535
26819
17791
23233
22570
2348
5621
12761
11067
6908
27525
30373
22741
10383
10748
20303
30431
20368
25466
26298
9259
30055
7014
29440
7064
31033
15848
21953
32587
26564
12162
18769
10412
9326
3090
3841
27134
10881
10689
23729
28633
15624
12280
29638
21736
22534
14292
1881
5662
15617
14972
17841
10897
3024
27518
19636
25323
6073
27740
3809
22251
20122
14189
12320
4294
11137
30228
29236
30739
20461
9204
12914
30797
1981
22914
11623
27481
32256
3560
18951
32081
19058
15710
22376
23327
18882
4624
21405
16991
407
18375
32031
8647
18980
26645
26430
4276
17246
15309
31730
11149
1334
16407
24607
4821
32246
32643
15150
26131
29540
10210
613
30241
27899
27971
11847
24888
19398
10687
6132
20362
12455
8175
27741
32389
15198
29784
23003
14452
7609
19627
32595
25214
3363
21303
27422
17123
29360
28104
6413
82
10400
23385
18438
18222
31910
31914
10102
3621
5410
8898
29557
27900
18424
18447
30272
22521
7871
15390
25413
30710
21155
13110
6449
29813
388
9197
13845
23392
22180
13032
11850
18163
29148
11324
30687
1919
5665
13731
22609
10751
15769
15386
12961
5481
23512
31985
30059
31778
26014
7015
27893
28034
29104
12489
25929
16908
20843
11804
8840
21033
21172
17519
25124
9793
9214
153
24146
13642
29099
11982
12188
29330
24397
26854
5274
2918
19309
29281
20687
7850
1630
7811
29864
5246
24845
17957
26893
6863
19495
8410
21724
28023
32439
21771
4192
6102
10121
13875
29191
19303
28975
27979
26866
23883
3829
17456
27643
11746
15189
16263
13136
25290
10006
31692
19368
27221
25524
16531
21499
31322
874
29394
24833
14128
7439
15525
24159
5037
11170
2839
16365
2613
10490
9594
2057
3261
23180
22101
31901
10592
26173
26201
25569
29537
7069
31774
23179
16629
32061
23226
12097
22744
8280
9516
30026
2363
28077
28787
18779
10400
15374
1836
452
17101
1627
6665
17490
29705
15933
24810
19529
16118
4032
23035
10524
9935
13980
919
19027
12357
10623
4615
5133
11396
16861
12104
22154
6733
10552
10146
20720
18835
32544
6042
19188
12443
18297
28535
7457
13626
12410
9662
13886
25792
2944
15406
9803
30853
2828
32487
15738
4675
28501
516
16275
27697
17863
20241
26583
12965
10206
14100
19740
30422
6189
8199
22683
18602
23139
10142
29210
20963
8034
30925
22603
15083
19067
23266
8865
24638
2613
12597
25321
9651
11963
1081
7126
16802
31027
13535
8483
16956
28974
21963
16412
9111
7753
19776
11776
10794
24041
14373
7296
29458
27670
10191
15197
9716
31590
20261
6498
9091
4343
21211
22056
2355
19837
4454
32649
31330
18528
18005
17897
16754
28524
28984
26818
10873
7247
9125
29810
31940
8629
22630
25223
32503
18597
10569
25137
20267
13495
14384
4525
7661
16618
15200
5162
24972
22006
20225
23737
30951
1812
30481
15163
18938
26811
15646
24521
9050
26449
1824
29056
22725
26708
30033
680
27244
22824
18694
22608
30099
16187
32327
8169
11213
26562
17662
12216
119
1717
15659
8864
7304
27196
21850
19557
30642
3483
6780
17445
26389
1144
14066
18320
7115
19491
11562
27604
12846
18267
23398
32247
16663
6874
9851
3611
5082
9271
14818
13843
3647
26824
28745
26485
31575
28508
4490
16518
8046
8312
8639
8463
22811
32542
2106
31137
7116
11266
15755
32707
6186
27709
10106
19489
15271
2657
16095
28361
4377
2002
11273
13741
14586
13718
20773
18576
29618
25052
24227
21260
27477
3537
127
5136
2358
23114
4119
22685
14530
20244
14670
16305
16647
15507
5836
2495
13753
7150
31046
18181
14666
5028
9646
13275
10017
8946
21244
11737
28851
2369
6816
15204
16758
31473
23743
32273
25340
12971
11032
28078
451
5815
13982
24923
13717
23261
32280
25418
3551
15445
9168
28982
357
2476
1173
30528
814
19105
5059
12905
21650
26868
22944
3375
31839
18383
6993
20142
28262
9582
12507
973
12600
19306
24208
26469
31450
16463
12628
12164
32713
9169
2950
2177
12211
20440
7318
30862
6910
31836
21907
6987
5699
3933
11437
26922
25646
22835
13229
13797
27273
18255
10408
12791
21395
16196
27738
24859
12622
21221
15230
7352
9167
20352
256
17454
12433
2268
18222
19434
8358
31047
18150
422
17696
24828
15486
19984
9538
30414
8984
11411
15856
2497
14937
14144
1888
29087
18764
29133
1225
2758
9821
15205
16450
13872
20824
24404
8494
26369
17902
9734
7054
1119
7834
15175
26333
8412
6645
30794
24914
7499
31630
9777
17968
871
26545
26465
25836
3535
14850
19416
22061
1261
14020
14814
6471
4706
24135
25203
12533
29549
4784
3210
24897
9574
21812
24579
28018
28903
22407
22719
21032
23403
24392
17327
9731
13176
15170
27796
16138
26979
19093
17951
20663
4454
28341
5554
29438
26834
31439
18964
27606
26216
16861
19247
19186
18689
26238
26080
6773
492
4382
6670
19114
30979
9923
31017
23323
17730
29509
30584
15249
3820
24714
19610
12566
9451
839
4986
15917
706
1782
7042
6995
32478
4908
30622
21970
25182
15265
24296
6875
13001
15899
29860
19951
11909
16528
5917
31044
3158
21533
12541
2163
23410
27385
5402
5495
2116
23797
17834
19908
16605
9598
4709
84
9056
17049
25894
26511
8730
12685
5279
4603
23410
24523
22016
10017
31014
5250
11718
25156
16106
21955
19940
4754
24715
25614
19958
31499
18158
14106
684
2182
6963
23838
26575
31965
20835
9713
19453
25684
13321
9084
22562
5911
12178
11830
23315
23778
880
7876
10487
9326
20134
22876
14897
13557
21912
28079
22464
9099
32340
12884
2806
7737
5484
16983
206
9381
32674
2236
1521
22849
19958
3695
934
28575
6088
10132
29860
14725
4338
8020
24161
31079
15628
4682
33
26657
19372
19816
6339
23661
18300
18541
27876
1947
6022
9570
6528
5464
18765
28947
23097
15242
17407
4486
25177
27057
8950
16494
15439
22343
8244
14222
13972
23330
18553
22951
25345
10980
8199
9256
1015
1872
25494
1602
16589
24320
21016
17888
579
29525
2402
28940
27980
31663
23460
20678
12676
28122
12634
2320
11612
15912
8811
23085
30622
25333
15491
4539
11806
11428
24199
11621
4098
456
416
31774
6005
12125
13428
11345
426
31095
5910
14665
4992
15362
32704
24678
20184
3663
4474
4461
19559
25202
30037
14085
7486
4685
11961
23994
31493
9025
20945
3705
27409
3915
16612
9665
14625
5024
16527
32030
2166
5854
30095
4971
13833
26900
12097
21712
11203
12820
25316
24360
663
9099
9819
1413
12676
9713
23447
1063
23630
2845
10023
13556
5637
21186
30238
29301
29926
10269
22514
31883
12711
30674
6938
19379
2997
18778
29592
6558
27079
23007
12895
1928
31358
4755
5791
30769
31940
15952
12957
21719
25527
16681
2500
26205
7956
5447
21025
17551
28579
18607
18937
1379
11447
10408
1306
18021
28587
17108
15513
1219
22686
22535
27686
102
7151
18243
22437
3301
16305
20024
16651
16045
1845
24155
30624
5990
11211
20406
12185
24076
7729
19350
5162
27991
6904
32747
21947
32101
29183
26826
12000
30702
26884
29129
30563
8282
1923
23326
29380
15996
6281
22471
12464
7057
15014
581
19137
27940
8464
6166
28785
7613
20214
17863
9569
25230
32493
21326
23050
28237
8358
32149
6778
17101
12980
29084
7263
12850
24568
8920
30006
7363
5681
6479
17982
1844
4192
16609
15162
3372
12671
10213
30546
28039
6095
3656
27817
8123
1034
8236
7457
3942
6429
30509
1227
9653
7191
26635
32132
14266
8849
10295
32443
14587
18784
24051
10372
23758
2824
18323
14262
7685
12441
32742
17622
17729
26090
13480
7472
15590
2490
24280
15440
6135
22266
7748
3262
29948
31847
12543
7173
23896
2890
11148
326
21718
22676
5220
30988
31696
21717
5789
28993
11437
24681
28723
30152
20131
6399
17775
19567
20937
13587
7242
22240
32508
26826
176
6123
20281
4341
7446
1761
30019
32165
3510
7017
23
19249
28950
11129
14230
25557
30721
20358
19035
9243
13366
15793
5242
31666
12701
12709
24965
22587
18379
12968
13945
20778
31811
5254
25834
11855
16152
23179
26481
1062
18598
15955
18173
5016
22093
25187
31050
5287
4284
8073
9104
9063
4850
892
23475
14460
12405
484
22051
13036
18214
7118
8395
20800
16079
12768
9960
27250
8372
15063
30491
10395
17462
1147
32503
13043
9675
5466
23531
31114
18912
27233
18476
25642
18667
3016
29818
13114
31115
27399
31667
15373
19837
3809
705
4883
26662
6544
21598
18325
13726
20547
23822
397
22575
8380
23930
29327
8937
21510
30303
13803
15757
29828
4454
2417
7793
18826
19841
16706
14756
1038
6404
18704
6795
4551
20797
26676
29079
29294
20450
16279
16500
11527
997
15847
14827
27080
23032
1282
18554
10556
17865
3941
18037
27459
28317
1158
620
8411
16218
19322
24517
2333
9046
27297
11027
25949
13888
12560
18381
23366
11719
1086
22462
7075
1098
1307
25480
14318
4587
25270
24446
25320
7495
3757
22921
2376
29224
363
32284
248
7060
4435
5208
29824
13633
5129
6934
19452
6714
20467
17501
9767
14695
9870
28130
8540
22028
28513
8111
18739
22257
26309
5464
29187
15637
31436
11407
9726
7672
19378
4742
3326
12658
6996
25214
23258
17687
21121
4296
15819
12428
6985
21611
27113
11148
11927
20483
25024
21962
8889
13156
9518
29102
22825
26510
32086
3758
5601
9737
21092
5783
1977
382
19065
29684
29694
16062
54
29701
11954
262
28872
20492
17097
4149
13789
17703
31129
22144
20254
29109
22393
14866
307
8143
21840
11845
16195
20326
25818
7840
12661
26661
11897
20165
26804
21506
10923
11733
28558
31013
10676
11047
3439
21694
24628
5062
10344
30365
19740
25277
13490
14802
6548
6723
485
13918
29033
20417
24774
12082
12668
24005
1573
30127
17713
14104
24321
25087
9392
20953
6469
16461
3741
21688
25520
20829
22318
28650
24294
451
8631
13557
11463
31695
19390
17737
17331
9021
27465
4172
118
2006
11677
31050
32751
11264
20922
3164
29356
19518
412
32019
6973
20278
26360
31092
30717
4146
24158
17378
1906
24684
15799
15349
22530
22133
19459
14657
29758
10368
19255
2495
15581
28506
20496
16483
21841
3436
31814
4604
30720
32410
1926
6445
4544
4736
760
7213
24113
12622
31925
15759
11068
6652
23627
1223
28600
18821
28161
14303
15242
14587
11774
23939
27515
30239
2455
21750
29232
30284
2327
11129
10906
14203
32719
17930
14794
30165
15514
27139
24888
3652
18414
29738
9756
29257
32063
25065
32135
25819
660
28109
5038
8140
32006
28683
3951
23474
29651
6941
19949
9726
27139
12963
5106
6316
14760
5022
16610
17628
11381
20748
29172
32582
4057
11472
19798
16686
9867
17740
13436
32062
10874
24999
994
31362
10189
26124
8661
22743
16922
24478
29113
27157
25156
5193
25127
21618
14379
27287
20760
26461
20840
16
30221
26049
8004
7930
24939
9881
5899
15426
9670
16361
10249
18526
24328
3141
17299
20885
23101
6145
4412
19545
4704
8650
18009
13101
29727
4593
3008
13080
22745
27306
20093
9608
23230
10775
23666
29910
21755
30232
5983
21827
27410
18611
2166
13509
2063
5989
6938
28630
27231
6045
20221
18613
8351
25674
1397
20124
11103
20027
17291
24177
20200
30202
6116
4194
18982
21978
19960
15008
9648
23619
22943
14421
2399
7886
14910
21570
29891
17748
26872
11494
18872
12988
25592
25154
29282
30801
6684
5541
24808
19254
12760
8403
20437
23576
14570
31067
27827
26291
24618
2847
25523
21514
27378
2727
14667
18636
15728
21313
25231
15050
20547
10762
32362
3860
6105
4362
27218
25572
20786
3130
5038
527
9419
14279
32175
13450
18497
979
30041
21203
13371
26257
26862
8533
2038
12464
29728
27127
21330
7776
18773
7956
10157
4541
22166
30373
7150
23738
5101
23521
3716
22198
20858
21590
23088
1805
31775
30692
22165
26097
4705
29499
32465
1217
21337
5310
4813
20878
24417
17487
4399
24243
16089
8837
7313
15297
19220
31725
13815
2822
31493
15796
23622
11851
11223
20454
21536
8146
12840
22793
26618
31546
190
28974
29648
4323
17571
7055
17513
22898
31556
18361
15144
9961
30448
21537
3786
21578
25518
17974
19031
12055
18233
27652
25489
24790
23684
28888
30526
8881
23035
27271
21697
20108
29796
26439
9139
28975
12786
27983
9337
25412
22124
8196
16942
14492
21354
14559
15066
25510
20750
845
7935
11019
18823
14488
22404
16584
24579
15737
21668
14877
3111
32032
3814
17168
31910
6014
21976
21099
20731
17468
22321
23067
23569
20852
25214
31268
2027
17536
20903
10897
26766
768
22150
2826
6011
3439
15321
24579
1164
418
9337
15889
20045
12415
983
19628
30844
11190
18563
28713
26508
11859
15152
11180
16736
31088
25942
22221
9776
20398
514
19624
29068
3016
27164
7913
30976
23155
31822
7101
18209
282
20069
28155
6933
22114
12028
19560
30797
10705
15218
1440
23602
57
23632
3956
30105
7882
31289
27354
11733
2922
20103
19288
24589
4290
30416
10588
19448
17704
784
9057
10668
27311
30839
15215
9238
16568
7486
6513
25909
5494
6552
13193
27923
28522
24389
24243
19369
2350
5891
11426
31366
3830
13928
16291
15715
25668
8815
21114
18711
13551
12443
13034
31161
4283
24432
24315
18636
10528
4746
4392
10409
2784
6777
23290
27716
28138
13065
30003
21323
10578
23767
17759
30156
25935
20208
31057
13194
742
21468
26821
25750
6226
2540
18343
20534
5148
373
25711
3266
2772
7192
18501
18589
22546
31666
11501
13578
22108
9564
25244
2989
30797
15889
7740
18713
25084
22743
31368
20050
7476
27207
18768
29535
23455
16551
288
27123
15980
26863
3728
24564
12667
5575
32711
878
224
2673
7200
25644
4363
8825
27043
435
13260
21824
31723
17074
26466
10292
8332
32742
25510
30739
29997
15855
18644
4429
14898
24472
24418
13943
14151
13058
7637
2818
21731
11467
14680
14233
23535
25818
23950
25711
14209
2873
27371
26541
3616
5273
3846
10925
16713
4860
29215
12578
21014
6125
17237
8604
17517
30064
27937
25352
18300
31958
9744
27628
13219
21476
22934
13729
28485
32619
22073
25068
22241
29110
6189
8247
6603
8999
30620
9043
16182
1764
15787
25697
7766
11949
4653
16833
32389
1553
13638
17484
25858
12932
32682
17079
25538
24251
17630
14423
5895
5163
29889
6856
19739
13502
24546
20032
15286
4853
18667
17965
10974
24829
974
27057
31808
3057
16641
25073
27987
12042
25366
16944
10519
28109
17886
32107
9293
29821
11763
29676
31509
24491
10152
25260
28555
1143
27020
23668
30605
7757
12968
2595
12248
25106
2602
6321
5480
20645
7506
31295
19970
16519
9079
30035
18665
24567
6602
23268
23998
28243
5450
27251
25046
16390
18041
28225
32538
4584
21926
9384
32250
1118
30699
24814
32481
16959
14175
14623
12830
4048
14868
21211
2038
13669
7938
7862
22981
10796
30037
19281
20531
21168
18461
23827
13052
16556
21452
20775
13265
11686
25985
30840
16198
30164
20254
7610
3689
14813
11941
6859
20217
15749
11627
205
30417
12763
17307
30703
8366
29934
29255
29767
29416
24150
22007
9733
19273
5110
11746
8900
9631
28047
18079
12381
18034
26287
24835
22221
2138
23271
14428
16755
30157
11452
29445
17831
9195
3817
5480
24218
841
18151
15433
31233
21162
27080
30617
24296
3493
16389
10903
24760
21484
8355
2034
6393
19759
11021
15938
1377
4527
1286
17057
19595
4294
28845
2984
22458
22368
25998
18394
746
13060
9466
28044
19547
13668
27151
29533
7628
7271
12114
14833
3539
15144
20693
31072
3833
7565
30715
4193
1616
26942
30197
7328
31030
17543
14299
8591
29
28992
22846
1129
500
8550
22705
19871
4492
19767
3209
3788
14380
29045
10174
13781
26108
1935
303
27228
10950
8354
11269
14545
2494
11363
28673
13248
19753
29715
18086
15616
969
8016
16611
30977
24944
2536
5310
26410
2036
13339
5027
3478
3856
32601
19034
8373
11189
12914
8870
7820
21723
13844
20288
25847
8372
30664
13901
17143
15421
21408
9844
12162
23128
26890
783
19397
8812
17475
25322
10194
12865
20628
29953
30640
9377
6519
4545
8369
8348
3090
24649
20297
1327
8075
2450
1558
24117
17938
26131
15183
8638
15510
6168
31849
28330
32070
2020
4966
7461
13869
31971
10037
5242
12775
28224
16450
21893
31574
11426
25223
29096
21643
5896
24205
11715
15810
26783
29106
24821
26328
21628
23093
1835
7805
17062
31158
18745
30576
20207
25166
18985
1493
12004
21109
16181
10206
23632
11211
19514
6347
25506
1
19736
14477
16471
15247
26877
16343
30647
29769
18980
7859
17804
31481
24187
11593
3303
19057
4755
183
27543
26357
5939
2966
10256
3363
4274
14062
4575
12819
27685
21766
21138
29922
27093
26447
1856
21625
4193
20410
6936
30132
13212
16045
22113
14967
7967
10315
11706
14140
20099
6488
2884
13767
32203
22512
29193
25712
15142
6182
29743
14055
30177
18908
14826
25193
26878
15517
19651
26828
23734
3961
13858
17677
2241
15115
23237
3553
9953
14731
24423
7063
2183
8028
9702
19039
31613
27505
24332
31
7659
20592
5403
15626
24993
26639
384
31696
29200
16364
5112
16463
10228
22379
4174
22544
8758
16827
9829
8747
12123
13458
29457
675
15602
32505
14716
22065
32409
14934
349
28028
16541
3888
8372
15762
21664
2526
31455
14778
3456
9299
3474
1294
624
15162
20480
27756
9600
10895
8960
12039
7349
13945
21797
498
4519
23076
26409
5776
22988
9195
24520
8541
31366
32519
3163
19467
30947
593
22328
23225
17267
28618
15098
31131
25446
22868
31070
16732
22627
3944
17454
8485
23835
28050
17666
13806
28199
15589
10605
11836
21722
3011
7788
11236
4927
8114
16867
11321
21653
1384
10290
4747
22230
3902
3732
6188
29290
3207
24918
29334
17584
8853
28444
8973
8687
16018
4132
31372
20073
25542
13147
5675
3416
27963
1265
16053
5416
1106
11955
26818
30953
31422
16203
4238
17906
22527
11035
15538
23245
433
1941
16449
17274
30875
7378
2593
31501
17408
23372
5808
8483
11403
5120
29883
5664
24227
6578
26501
4383
18389
24654
20401
15073
31850
19066
30523
15546
18615
20985
2651
10176
27141
11723
15389
26280
32180
8846
28697
15101
30562
20532
26151
30901
20985
27256
18822
25351
27632
2967
2137
31972
24333
16030
23767
25243
1819
28857
16603
2141
25401
11117
21159
2739
9057
6676
27669
20715
19836
17994
19310
3893
4836
4149
31700
29927
25084
7194
25506
9390
25578
28183
23483
18302
14218
13398
2490
3623
14156
1790
22044
30020
21741
12656
18807
3442
25403
18997
22370
12239
2042
11898
27380
15917
29293
17366
12246
22328
4699
7135
1292
25757
6293
2147
25045
3071
28813
17723
18364
26388
16668
14570
18975
25179
299
26728
30107
16040
24923
30023
23360
17677
31931
2581
13250
30301
7765
14162
18496
7390
30092
10610
15668
7568
18772
17605
25602
22022
25002
14922
10309
11355
18241
15529
27969
3179
15823
17003
5757
18038
9388
379
27414
26150
12750
22107
26587
25066
3066
1941
3853
21272
5529
11042
21294
19648
27077
5494
25371
2350
9159
16783
8589
1138
8792
8151
30996
28272
17507
30195
25947
31700
8201
29552
26072
2366
15817
24707
9204
616
30305
24521
17313
28759
29189
8689
779
10550
18973
4288
19189
25016
31081
13052
17377
28012
12821
23567
16992
8481
4056
13214
10919
31469
25172
23088
17300
11611
7009
2464
8878
29375
19604
28257
11413
23461
23348
10925
4362
3272
20716
19022
5014
20731
1894
21295
21967
13200
3385
19990
6750
16928
28307
16502
19248
21000
31288
4177
23422
26514
16546
9305
19565
31242
10539
17503
21878
11854
4667
1244
22337
20566
10518
31521
24098
31345
15408
10554
3591
21883
11001
29301
31407
25973
19154
30859
8399
13956
10150
9868
11672
1373
10191
31679
25108
22717
11540
22948
23808
13991
25726
9703
4848
13704
32205
29828
1475
4906
12215
20196
7189
6736
25855
15079
23638
4805
1666
29246
16662
10720
24263
13210
2748
5050
13541
25276
22182
25715
30645
10210
21452
3331
25357
27856
26293
5678
4726
27636
14977
25867
18730
24828
22318
29530
1622
7957
29922
30835
2048
29965
32106
2804
16599
13351
29399
7395
6736
9499
15129
19729
15639
11778
15756
22273
23939
9161
25035
30465
18032
26681
24153
28483
16425
19216
23468
30232
1146
17210
26652
27595
28430
32616
31036
5015
19480
15861
15747
14566
20857
26393
10039
737
26051
4521
26368
9601
18457
30224
14932
14360
8622
4197
20192
185
27931
8928
136
11739
22553
8719
19663
10711
11198
3641
1152
20826
7235
17851
22288
3741
22980
14737
19404
22731
23442
27063
16587
9001
954
11005
31515
30208
24938
29656
2042
15633
19391
17852
5863
15011
11750
31557
27493
7427
16063
24394
25612
30742
1307
30663
5136
19104
30595
7270
17157
26855
23498
19104
6681
3732
2138
23684
30850
12751
27252
14751
23193
1903
10291
3977
11990
19191
4149
1581
5477
23328
30855
24979
30076
22024
11939
10537
26923
31726
7085
1790
4907
1471
21531
4748
22938
9190
14793
6274
18439
20747
26030
28276
11057
27995
24052
18171
18683
7013
3443
3687
17924
30744
22961
25995
29225
28407
24000
10990
23633
4615
7716
30839
22232
11827
28561
20341
2846
20994
19913
18426
5247
16505
23725
12154
12602
7645
8119
30853
9580
29432
3377
32576
14406
21093
4345
8429
21685
31162
399
8445
7766
23567
7208
31569
17063
13185
25299
23320
3858
13883
5911
6860
15199
27246
31889
15332
4606
24285
30057
28758
27472
14521
30099
18997
9011
9495
19490
22798
7609
6986
726
5190
14092
6075
32653
22375
23180
30170
13934
17810
2461
32633
24298
2028
17775
3435
29706
28159
10009
24306
5541
14462
466
19036
2147
1940
16860
8273
31292
30497
10232
11072
4479
25682
391
29401
9593
17576
10072
699
5252
8192
22534
1914
21955
6233
13092
9965
31541
15264
20082
18626
24062
19341
4170
905
15347
12547
6481
25576
20249
5573
10584
13582
19256
19144
31048
19637
27478
16818
30985
3660
28231
22395
20968
23853
19929
9907
9547
2089
7098
13
19697
18911
12396
516
11753
14109
3125
15232
14999
11968
22408
23733
31432
3729
22788
6507
8772
7719
23347
21627
28545
8723
18345
16328
22506
26002
11051
32311
14491
4283
10497
12690
18939
5246
714
31233
19785
24580
8237
17359
30886
5343
3588
21600
6744
5089
6179
10410
309
5290
19075
15029
24848
796
12882
11977
13618
21579
22401
32256
4737
8990
8065
22039
21104
2122
27152
12543
18074
1625
26027
5594
9395
23033
22100
32153
26101
12248
29888
27891
18500
26859
21326
22435
21877
23834
25566
5260
20489
24905
3786
5710
8478
15194
27161
16687
19362
23625
15380
8528
26493
29476
22443
30060
21658
16690
27030
3571
19914
20868
20532
5200
14876
12496
10107
23674
12295
13070
2838
14665
15522
30553
18572
21515
16536
32675
31858
16624
9396
31312
19651
5312
11905
23100
15778
26409
3709
29606
30997
22182
289
345
11312
21515
9372
6142
8883
27398
19142
10040
12223
5555
17590
7222
32121
3383
9283
27298
30844
30126
8657
17816
26910
22594
18306
20996
18237
6614
17078
31913
29024
6645
31423
23745
10282
18682
2049
27497
10083
23160
9202
10479
14111
29564
24984
15578
9867
32670
25806
12153
13662
2977
2856
32002
16235
19359
15303
13446
27559
18910
946
13603
23585
23859
6664
16429
30311
5350
8500
14522
10057
22445
16376
28607
8684
19843
2406
25016
11181
5170
23944
31997
30038
10531
30840
15373
20237
19649
21254
11938
1725
18799
24911
22279
27662
24086
29366
13098
21404
23117
32539
27583
17142
8197
27014
28149
13869
30466
32605
5019
14392
25473
23403
26180
30136
15536
29066
15591
12818
17727
3483
1206
30089
18085
20254
4709
22713
6013
12992
15588
6538
11583
3512
272
12369
15350
6886
3045
12123
23553
2865
6427
16207
23775
27189
920
17858
4199
368
27887
15637
13143
30921
1149
25099
25828
26643
18572
1396
23437
32466
21724
21243
21886
25324
8725
17395
32022
30411
14527
882
25619
14237
398
11581
11509
17110
24668
27030
32357
8264
9567
4591
3596
26008
8549
14843
12741
11529
13495
11716
7665
21400
3724
30908
12414
12463
14139
19022
18000
23638
7564
7029
30706
25424
6372
13238
18495
31538
29365
7675
17139
6030
1297
11336
26619
1263
28964
12275
10157
28964
2763
10994
2786
30493
27497
28207
25472
8376
12675
16873
25397
23362
25595
28426
377
25598
10925
10417
14402
11098
31493
26083
12977
667
10965
1337
8734
28131
18291
26671
23764
28860
23673
26762
25837
10134
24829
14186
32729
11367
7448
878
24609
11737
11443
9087
11968
520
24281
8998
22888
15879
6410
14106
21831
24410
11549
1573
5492
10044
3366
31060
412
10687
24654
6130
28799
13513
4644
1344
4801
10143
27443
8581
6521
118
17490
7980
8858
6363
16588
2047
20003
15254
4221
26948
29788
4630
12324
26885
29103
43
14762
26768
7876
21662
24122
4360
28200
12057
7096
23304
22062
8898
21722
7498
23030
27945
24313
26398
14427
20223
23053
21334
11422
11219
25855
25948
1321
4938
12987
6508
24753
4619
28817
16157
16506
21380
4145
6656
2097
21614
25837
13790
9985
31144
160
9987
5870
18269
9166
15518
8305
6453
10919
3227
23303
26263
5834
3697
2897
25261
22244
3731
9045
23779
27418
17943
15545
20925
18295
27729
26969
6262
28394
14059
23318
21162
26360
7003
3567
21223
9310
25979
15865
7604
30361
3844
28736
32605
29452
27806
19881
18010
1173
8790
9663
14817
13773
11627
11162
32300
21888
15341
27853
17334
2122
16422
32450
10794
12477
5213
25932
28740
7330
5211
21824
31347
18941
14937
15749
31661
26249
28858
10844
4816
4885
26629
5377
12832
15675
15026
12724
10395
9317
4226
18381
12770
17221
12093
32281
20307
27876
20315
194
172
7821
26451
16092
2741
11893
17838
23884
31560
19867
9992
19810
13982
6178
23363
9790
31911
13847
24391
25091
7638
18736
26877
27003
6843
26762
9575
26991
30391
29729
12797
28089
28898
11353
21799
18591
19735
17508
22041
25964
31268
12537
25817
2991
4369
14727
27970
17427
2138
15429
596
29889
14765
24549
26809
20705
12597
20422
11651
25957
25400
32350
6440
10760
11915
20489
6922
13646
30991
23809
12295
24276
15949
30710
32740
4249
21423
18849
11734
6420
16237
10797
10079
32467
22348
25193
17753
14776
29557
23080
12003
11533
4185
32534
10256
19782
15151
20789
22241
27302
793
5892
15220
4959
10820
21294
26166
30819
6517
11870
29433
24155
11956
13062
6135
31837
3696
4701
15895
9095
19424
12077
17059
7832
31887
2177
14339
16822
6214
18496
23415
14926
18018
1862
15184
6264
8485
22275
21941
108
21827
15613
1244
18186
27204
12064
10396
26075
18817
2983
663
140
22508
5822
24355
4043
1346
20931
20409
8130
11460
30636
6861
19147
12699
16732
16022
19999
9646
24593
15595
28918
28663
32643
5698
25528
10608
667
28998
525
5602
25816
13053
31511
22825
6817
30748
26611
20287
20010
28654
13277
5233
16234
21959
3360
17747
32135
2896
14106
23377
23414
12038
20252
23525
25326
27354
31655
24296
18837
32490
26477
1783
8653
15223
22056
6642
30219
32689
6681
18887
8163
24686
20261
20340
21037
21612
28014
30930
28518
27870
4246
14615
29402
8424
10300
16747
1354
21519
20251
15216
1739
19006
20936
20608
16341
14995
15535
7621
1470
8594
14395
826
25206
23218
3464
16501
25887
29058
28104
10477
11153
26701
16096
25601
30323
11062
22733
32147
27212
32095
2325
30019
9077
14021
14742
27381
3640
15054
21067
17338
2643
16640
16537
32040
31313
14428
28226
30430
29493
7682
28913
16065
9258
26127
21402
913
20982
12434
14383
1414
23385
17285
22790
7446
31216
25254
21357
14669
28099
6180
460
27731
19604
9425
21778
1567
14755
30882
3152
19562
17285
2885
13430
2154
23603
7100
10629
22287
9197
22508
6074
4352
22297
16858
1935
9116
1614
14737
10122
14886
12106
8556
11434
12371
16372
20564
29271
28850
9706
13002
26033
26565
23450
28347
3192
18976
10908
14389
22688
24171
28504
11154
19590
29207
7981
20842
13523
5143
29595
8231
18222
1780
15811
11618
12079
27895
32082
6551
18039
11676
17937
24017
20992
11082
31252
17550
30572
1355
16018
200
14855
25087
25127
29473
5028
17150
24709
15147
12328
14837
941
13722
15185
11113
24610
1675
21229
30959
25810
8500
13349
26715
28088
20566
32304
23844
23060
6347
18607
27601
19805
21371
24135
7071
25576
9692
23211
27076
4772
5363
21067
1463
29594
17537
11483
26358
23999
3026
30843
22653
1828
4802
20171
31109
31897
28958
8526
31521
1665
244
26018
8858
5603
20777
11164
15140
17393
23566
488
17880
28239
13769
19096
13145
21973
31173
31067
27077
10597
28122
27231
32445
13513
708
31562
15864
22215
13146
16935
6160
1722
20012
25487
28393
19683
25408
14356
14748
22506
12356
22695
15451
19683
5599
7927
21448
4743
12265
15927
16245
22200
20006
19095
6764
20084
6970
5953
4933
22788
11490
5845
23654
1567
8087
3919
14610
14605
3144
10024
27138
10164
28986
17077
7811
3021
27136
9896
31815
15793
4322
19233
5763
10049
22321
2684
31844
24565
26311
18485
14289
836
1039
31093
1291
5179
27809
28316
19434
4849
10928
8447
12920
10942
27757
15536
25724
22584
4116
406
27107
23472
28975
14052
12028
23087
7643
17998
20004
26447
4682
10162
10976
26776
28095
8244
12826
3616
32385
16761
32676
26756
16651
28096
4759
24261
18194
16636
30601
1793
25879
20693
16035
19151
7897
2009
21702
4145
5566
4727
26453
23973
2768
15500
21768
1733
29025
10662
25172
11046
18166
1034
3946
13829
15706
31302
13108
25257
12735
28873
31148
17524
26929
6231
501
17444
32086
26167
17517
677
12559
19873
19541
19862
23073
31236
12465
25802
21821
1181
13255
26940
9267
8255
15550
1428
22370
662
20715
3494
18217
21470
18999
23005
23068
19338
21737
13475
2912
22031
27175
8156
1567
7712
24408
10652
13666
17260
4501
16565
302
26558
22703
22540
106
9000
23574
17950
32257
16522
2493
7247
16585
19342
30737
22122
9387
26024
30231
19798
22195
22808
8994
21179
17589
29433
704
13065
12224
27963
13206
6928
16921
10268
18270
30226
10139
15259
12504
4262
2168
7430
6741
12129
16105
7993
21858
19865
6681
11402
25997
14722
30236
18531
13085
25193
27440
9793
31344
13701
6875
1338
24040
19761
18413
6830
8619
15170
30884
26448
9300
3464
12464
25179
4806
30102
1598
25036
13417
21168
2918
18211
1781
12525
29891
19168
29976
32318
17537
24789
23024
12390
26599
1594
22119
260
23367
5352
7426
5454
24350
4888
10396
14872
30813
11709
12860
30383
32184
15755
17320
16676
17385
1797
30432
3933
1146
25026
5674
32141
27452
16623
12159
5399
6426
7509
24229
12335
13265
10621
11961
7613
14525
19613
21466
13537
29431
3845
30160
18200
2305
21516
12499
18246
7726
23259
20298
9896
13346
21552
1433
29740
6490
3271
7187
24557
2616
20057
25175
23313
24578
17386
18865
8738
23119
1059
471
24874
27757
20469
6660
5980
28253
2611
25849
22665
15636
17039
17679
16011
15935
31100
1676
30252
9510
1760
31903
3493
