2970
27942
13167
18041
2090
16363
1622
10675
7639
29631
20593
16244
28529
26938
10813
29165
1288
4143
16231
23169
31639
2175
23846
440
6692
12504
28513
18693
26623
20334
32585
11746
32002
20403
32300
1395
27226
4824
29104
19579
25592
24563
18908
5177
23377
4656
6952
11944
26947
26598
4160
10159
4012
18179
16160
24973
166
3228
4747
17965
9256
11549
3253
9350
30865
28251
16673
8174
17254
2563
30549
10800
22645
15073
4170
27873
31766
24726
32290
19382
1268
24448
6550
1145
15672
11721
16741
15901
8097
28306
9759
3313
28675
26627
29350
30090
17912
2961
29828
22124
22105
2091
28528
32612
29745
22222
19390
26725
3010
6487
5878
26985
5897
8031
30206
835
10643
10098
8785
10658
24456
28306
21313
15486
12149
11227
7327
5277
7918
16967
20595
15665
31575
3767
5165
27941
10408
23029
21508
9373
26852
23466
10662
16254
9471
32332
7208
9668
25824
4196
18035
19730
15682
21434
721
21186
26670
32139
26475
1493
1111
221
19975
27098
20537
19131
1648
31025
4482
26656
20616
26459
31358
352
13926
26768
6673
13355
21008
9029
30133
4475
5887
14477
15684
680
12148
29718
27442
28887
6210
7796
25978
3054
22994
31373
28609
20690
30009
15360
14397
9085
22747
11910
7146
20056
21393
22913
21571
26441
26754
32675
25840
15995
5392
9211
19518
18515
17811
27659
16888
4320
13085
19742
29086
11576
13091
1518
4479
26700
9238
17258
22192
22671
7998
22699
16209
16075
10237
19253
24765
4551
23382
7979
8977
21472
7971
3340
6745
10090
6900
6072
6067
3669
19758
10668
8956
9355
4776
3555
12821
22431
29890
32073
263
6044
8446
11418
19771
7559
5049
31311
24910
3105
28996
23668
9513
28425
8726
22912
31530
4130
23298
28707
5992
29417
4210
30334
25929
24652
14827
29769
22694
16617
29508
17120
11211
6892
20965
19577
8250
201
19304
29915
3645
6253
22814
25264
31092
15315
29086
4794
3003
663
15874
7436
20477
8015
27555
29901
25089
24216
22307
3393
8170
32025
4231
30556
13129
22860
25201
12285
16469
26094
18528
2492
9398
2087
3010
25705
5045
5798
26166
8805
18186
5773
29158
29317
28229
6819
6117
14671
25157
13274
25965
1127
31532
3296
22421
208
22101
24763
2146
1338
30542
10331
6937
16240
829
9737
12682
2278
12244
15857
16906
19482
32739
26922
615
26797
25554
13811
28514
18860
6958
30434
24016
23178
2236
20920
8214
2426
17139
26479
14740
7684
11376
9079
25405
2618
9313
28908
29678
8506
3374
6033
12405
21412
8652
17951
25000
15474
16143
28620
25305
8660
14975
30801
21137
14295
10429
24038
4576
5371
16541
256
12035
13592
6692
26754
20978
23618
29169
22732
22664
26039
22291
25646
9215
19686
6367
23160
29579
29333
29404
27361
27030
1887
11196
25332
28201
28852
17058
5464
17275
3678
30830
7986
8320
3103
24039
20859
30609
31485
11033
13865
15092
31481
7594
28783
15975
10856
20624
17135
181
7590
10994
29976
9487
18793
17104
17024
11912
27226
1546
31286
14673
4806
13784
20069
660
16242
12728
14422
30421
31680
15240
26716
23137
17297
24628
31368
6837
7022
32470
23458
17835
27307
23373
27060
15252
26794
4552
18831
20319
2668
30048
24041
21503
29605
27882
9763
30539
24037
24848
147
12251
16502
21814
9004
1435
644
10526
17665
5551
15052
752
1784
9153
2066
25075
31324
6855
24122
15085
3274
22477
4478
3874
10870
1903
10133
22063
21648
14770
14891
19606
25872
31075
979
14275
5380
10208
4952
22087
20460
22859
25306
897
26349
25845
30934
21557
24016
4653
3978
6738
11935
13504
28843
5709
10842
12550
26189
13754
30567
30738
5508
32136
21544
4834
28065
13119
20081
16740
4900
14677
19079
6427
21292
17491
31025
14674
20129
9296
778
14309
1135
12664
32010
16865
11193
28954
24311
29034
25976
20877
5494
657
5157
30653
10822
17884
27700
18652
19586
14045
27951
24471
32306
4562
22949
30807
9528
18918
2212
23013
29378
8296
7058
4017
24114
27985
27951
6161
16441
9041
6878
29522
13064
16583
21741
12949
948
6855
24533
1977
9478
19191
15467
2205
25675
7872
24760
16349
3954
8475
3623
13302
8533
7883
16927
12752
12350
22458
29231
11078
31484
4768
17993
2060
24716
19982
29178
8254
25954
18547
16430
10315
31254
3139
13017
29469
6025
291
18800
17140
27915
7371
8099
19401
11266
8101
1695
27864
10422
20471
22513
20468
13714
17561
25168
14418
19630
20741
21169
2997
28328
24062
6574
11453
26020
12283
15109
15043
28125
18096
9726
27796
20492
19669
25555
29928
26816
17348
8245
24369
16565
3521
20232
20924
1288
27463
2000
7316
4305
23969
21549
15481
14304
11108
23666
21043
26279
7819
27942
1929
2900
10785
15915
10821
30979
12602
15856
20430
21509
31030
10190
31459
15154
18680
1093
28107
15456
2900
19821
28346
7017
15892
16255
26055
11814
10137
18713
11256
25013
8737
25610
28949
8833
1249
21811
10621
8038
108
16451
29529
3381
29480
470
124
23558
22264
20946
954
31027
25034
17244
17399
3081
167
32385
21
16393
27570
5349
1924
9756
21380
30798
18058
31732
17633
6381
16065
32028
4975
29554
25199
4389
20665
29697
675
1572
28636
32246
24943
4649
20837
26605
19161
22429
23988
4207
20610
19960
7905
7818
11241
4565
8734
19740
24667
28650
9853
32623
26876
11208
18652
14917
13491
9740
1400
22767
26519
1931
1016
2188
21630
26714
26018
30018
19604
1241
9261
4153
23704
11336
16147
28499
25844
22662
1718
7843
25655
5986
10518
6293
8314
15478
23620
23926
16508
14572
22403
12316
15074
8210
24823
2283
1289
2229
5949
3012
10647
30902
14243
15348
10832
31856
14928
1268
10141
12047
26434
23528
27603
17878
31892
21359
30806
32726
32767
28966
9086
12808
6496
27016
5958
24147
10472
12042
12586
9551
28352
28358
21509
19550
6055
25968
8265
16319
10821
7679
18838
22107
8998
6629
16199
29514
13912
945
20434
7151
1740
15601
11086
16650
13607
27551
26452
18433
20658
4447
19349
15938
29576
20379
32165
31767
21921
24908
12504
30459
27170
1755
7177
28948
28993
10467
17288
12453
8020
31922
22391
5597
18641
29395
14574
16492
21408
16839
9229
31240
3507
305
21349
24295
6709
27333
8747
9818
18053
28981
6841
24628
30963
2040
28278
8852
18877
26011
29239
24090
24450
8859
24232
26161
28753
19880
21774
21642
156
8450
17728
1582
196
7169
29812
31991
29959
5488
8341
24628
2909
3978
3461
31783
29675
15495
407
4045
12672
21549
11661
11036
1674
15366
22937
18029
10951
14727
7262
2638
1677
10151
19327
16725
28515
28297
23131
30720
2208
10541
845
12641
10583
14587
17703
15074
10418
5464
16672
30045
10923
8874
6680
5050
12182
12785
23014
20411
1056
31590
20749
8501
18282
25191
23345
31000
10516
22660
21666
13208
19688
31927
22117
4660
20573
1157
4142
2213
22818
19335
20842
6789
2877
24746
4446
30138
32680
19668
28943
32025
3050
3171
17669
11830
3340
24302
30388
5076
19920
837
11151
1401
12577
4198
29477
11467
11285
4292
24758
10036
13826
7184
8030
4275
19874
17851
5676
10575
16450
25096
22837
17918
16858
20082
15464
24374
15448
29855
13742
21153
9924
17375
1514
30143
2504
2227
12357
4679
13040
8832
19881
29551
24477
7043
6812
30360
5378
15500
11671
18226
31683
9922
25913
18424
19448
9506
1859
26139
5353
31918
24465
8677
10712
26199
19901
8930
24572
16056
19259
31421
5730
10238
21353
17063
9084
576
2455
27048
16051
29236
11269
21560
491
14271
1707
12790
16971
22548
25745
32084
4054
1670
7461
30362
13322
1906
4167
24683
23153
26148
28117
30422
10475
8463
22847
8805
30873
24677
4951
28737
24908
16962
529
15919
5737
8969
25139
18170
27458
5285
21737
22794
21231
23870
4803
13122
15241
10041
1451
15236
31249
607
24646
2031
26801
4913
29722
11216
12733
7216
18765
22393
18639
21530
1602
13228
11728
14756
30279
3986
15805
24081
14875
22983
780
16423
23292
14610
853
27571
1617
19434
19793
31380
15042
15646
7917
24593
22594
3068
23225
17340
23015
10099
24911
28834
9860
2714
28499
9150
31543
17016
14425
5072
28134
3620
1191
22612
5089
8216
25341
7950
26281
29665
1643
1031
18652
25810
1753
32635
11781
13788
19570
8664
14115
15056
17038
17131
10757
3486
22486
31534
9558
25140
31325
24076
26854
9578
6643
24409
8199
26680
27612
5970
37
680
22488
10901
29074
10235
7103
30766
20801
7793
27131
5831
21173
26072
31725
17272
19796
9802
17917
19452
19667
11332
3231
9712
31279
17295
2180
8785
30735
16048
26371
26041
3032
1452
22386
5831
12448
22916
22628
15668
21088
2460
4061
4014
11003
13871
11963
114
17056
705
16800
22844
15355
9323
24466
16548
8636
1011
29375
30042
6072
10392
21097
14979
20910
29620
13441
2725
16801
2875
5001
7399
30464
19501
9661
50
8823
13941
4147
7238
24383
3342
3195
18130
17973
12133
9287
32359
7996
12509
17872
30924
6632
6758
16326
22411
11012
6275
31654
27673
17061
5713
29856
12319
5721
379
14408
25537
12765
25274
25385
15713
20888
29600
11748
7693
28020
22918
9
24215
6747
8112
4213
2737
9307
9874
12833
26183
13900
24818
3354
12278
29323
1369
13762
32105
28531
5226
25049
16461
2040
10073
27520
17978
4008
20574
28131
1846
25718
32217
26710
7842
14816
17427
15365
32648
30298
28528
18447
4793
8374
3546
28927
15963
5249
2979
11022
9220
22803
32156
10052
30551
12010
25905
981
6140
12247
842
27959
29880
17600
4659
13398
10067
30358
17993
8949
13702
4700
16881
12276
2066
20106
24092
28428
30782
25605
18581
22465
11053
31768
7879
959
19952
8690
29621
16433
21881
804
21741
9169
10326
24288
15798
13807
18378
28970
20869
25919
4699
7692
2397
13090
10039
3488
3791
8776
5094
27455
30843
4024
30848
5539
27694
14307
30120
25143
29595
14152
21197
22843
12312
15072
14104
19947
11008
21088
11108
7797
11130
11879
9288
24933
11283
2343
19378
15280
6880
20372
31257
13024
21347
31443
7800
27118
12669
9852
22421
21501
20680
13486
8678
16228
31235
20826
28758
18526
31527
987
16066
3380
20189
7210
30948
26461
15635
31065
1119
8222
4086
29686
592
31378
3360
16218
15070
15876
11842
24945
25181
30511
27707
12120
22392
24712
29492
4658
17297
8079
6951
24790
31114
13096
4471
30461
6902
8239
18445
16820
25718
15791
14078
28618
7877
19076
32051
16522
10412
2466
31063
8259
21868
19726
16217
30139
20495
5801
31966
23248
30052
22933
18179
20144
895
15583
29899
31561
29346
1497
21015
2693
326
31347
2124
3599
6665
7799
8507
10789
27673
2475
11722
8922
3383
13886
13450
2205
22720
29245
10090
4062
12267
17246
24259
27694
21246
14021
25827
21043
26080
32247
27268
1271
32586
21133
17809
16729
18220
29749
9104
13084
14426
9693
4438
4620
28253
22689
26257
4169
32279
18245
20472
9942
14715
5783
6663
26654
18434
7778
22093
17265
27310
9886
7496
31945
25498
23957
26501
8111
1466
9918
14849
2504
21430
24453
28037
14393
19115
7494
23783
14619
32318
22019
14890
20010
321
15562
19876
15953
32091
6379
17656
9649
28283
9193
4980
8916
18337
23843
26943
20907
25237
28005
21685
15349
13182
21252
7656
27031
7756
31222
21277
16905
3048
20156
9701
4129
6478
22647
6465
4585
20935
24735
23485
20850
29905
28970
16537
3469
18599
23985
11790
21018
16579
17866
1474
6729
3003
16843
10486
19943
4927
20373
1902
24498
2763
24537
21487
27342
7889
8851
4734
6571
26082
28123
28094
25701
7122
12709
25830
3153
25708
19842
26691
11265
12230
29159
25352
31253
8284
26068
6996
28702
28752
542
1949
25140
7531
10007
19502
19604
9620
24892
25618
5496
2139
10249
12384
29686
25288
24503
27932
5597
17200
11732
21332
23845
17844
20883
26723
23777
29584
1687
4474
29758
30865
17399
31194
15556
29660
1188
11936
3094
24044
778
22745
4816
24168
8546
8632
225
13157
8580
8302
26932
16878
1644
5909
19035
6414
29382
20071
24670
29622
21724
2563
15403
415
21821
635
30464
12008
20754
4985
9427
2753
21455
31662
5423
3183
3649
10202
24001
23532
5541
8438
10863
11011
10793
20536
3475
12564
11128
9966
17722
14129
22383
8266
27884
14813
25075
18265
9360
30045
30178
1791
22531
3612
24822
30780
27162
926
24792
31186
24921
18966
22314
31337
18243
14343
20572
21360
14441
9653
16540
8019
9918
1136
30348
18021
5357
19001
117
28252
25979
30777
22280
2028
14328
21757
26124
22824
3011
29931
12632
24536
26398
923
5403
15410
23758
15541
17373
5236
22015
2481
7356
24057
27056
18351
13266
5716
15164
13598
22290
15791
20216
10968
22996
30576
30640
21356
17147
5614
13256
466
1508
16824
3680
5131
29629
16714
2060
4913
8339
8948
96
22324
25631
19796
26431
7028
4259
17574
23571
16016
29576
16661
11224
590
11353
15158
24475
22924
21840
16628
23541
1414
29296
26517
20727
11326
17473
25213
7418
20531
7076
7309
22298
20259
27736
12592
14384
2645
27899
2895
22660
20091
12618
11836
27868
21829
30648
2304
4541
17205
3766
3786
8568
7430
31308
28524
26262
6464
20751
17978
4976
25952
9242
9071
18389
3150
21864
22011
16213
14437
1474
21886
27064
21520
11667
8246
1419
14025
11192
17993
27641
29357
4298
20211
10195
17119
16731
7568
29111
19309
19945
4094
7150
24801
32597
18430
1926
19280
3967
31367
15593
31519
6669
20304
16357
30572
15761
12276
6358
10765
14192
23225
15933
11156
29643
920
11187
5803
27155
20178
21666
29147
6740
3707
8328
365
22242
20485
10206
13187
26411
16589
32218
31525
19235
19452
25036
16011
25857
27154
16387
13859
18242
5214
10141
21142
16606
5866
7897
22583
15852
9689
21992
410
2158
8067
6457
16398
27976
1056
29033
27028
12789
27153
4668
9309
21565
29754
1167
25077
16609
4795
9556
18140
23231
19325
2301
1865
3336
32751
9577
19053
24019
26221
28345
17547
5594
6935
20818
9526
26524
8092
20812
5727
27645
27725
27644
14545
16568
31183
6137
9776
31059
21241
578
3172
15852
6719
20301
12265
14045
17186
30513
8079
15246
5323
6722
26559
8292
7309
6929
24638
18168
1429
5657
9896
30158
20671
4876
23256
18819
22770
26423
5081
17037
28940
31921
15093
14717
10288
5391
7268
30297
12443
22295
9276
4097
24690
20147
30436
7061
24628
16335
23245
3641
21638
26799
32444
6654
29793
20128
22050
10404
1454
24116
31397
9499
27130
13405
14006
6982
30994
26115
10656
12353
25610
8449
25843
22735
30535
13064
10027
17120
22795
28772
22956
8103
7892
20239
13344
2706
25133
1765
20299
24982
22255
24415
23701
13874
13898
26361
26063
14511
32707
4730
14074
24369
27882
2989
16638
15498
15592
29738
20887
10791
31692
10862
22204
24650
6645
16521
15825
26138
23396
18973
23158
24215
8856
7179
1492
10874
30160
25814
863
28153
19089
22274
17558
22750
16807
32588
23088
3159
8178
31158
21090
22548
32409
26668
10151
4383
21091
4404
1159
5075
27551
6647
31961
27163
25749
24341
2588
4941
27589
20672
27800
20586
2266
29907
22996
27216
21960
16690
17829
21469
14819
29463
3578
24636
4701
15783
17420
12841
17859
10918
16537
12334
2697
26054
16848
9467
3923
18574
1092
31830
9893
8322
2229
21605
8818
7173
4644
13344
8812
29456
15874
22954
2487
18248
23048
23853
5929
20503
11276
5354
20117
3856
26519
31954
29232
21441
12354
8400
20635
398
17578
25103
15555
21607
18933
13414
14089
24635
25866
7242
18797
19077
18391
21734
5705
22075
5384
13598
29720
20217
29622
10838
32677
28732
1857
15784
10409
7956
17399
21008
13331
19834
3231
6235
22737
16574
4756
1495
8540
12999
30165
27493
30910
12139
30304
16865
9727
310
20536
7221
30666
1945
9386
3224
6703
10298
21315
7872
4771
29484
7814
32683
25861
14285
4728
9319
6820
1548
4219
23393
333
2889
32692
1399
6165
26967
2629
4806
8959
28187
14957
503
22390
12768
4589
5244
16580
29782
31301
26207
7252
17908
11749
6027
5234
6726
6918
22393
4529
5627
23651
14600
8113
3769
5757
25715
17285
8202
20843
12562
3635
12874
20590
19523
13796
27471
12870
29903
16430
19741
12343
17234
31287
8024
18339
28397
20740
9098
21336
6006
12507
5140
8266
19878
28926
27732
20292
13515
18066
14481
6922
30906
22766
14420
27664
1926
31947
25979
30788
12803
2955
29425
19895
25405
24621
10209
27042
13856
20136
24750
31432
22233
20668
13411
3837
22720
21938
14843
10928
4928
23145
30265
2435
12964
13924
13744
3643
25629
32712
25209
28491
9273
11695
3902
3628
7757
2726
24166
14005
20833
8677
30424
27109
30697
21650
14219
32583
27562
14032
3743
21286
29418
21914
13569
23590
14170
31689
19473
25284
26715
21309
6520
31796
6627
8026
13764
6264
6634
21336
12521
1458
5488
3540
4480
25203
13398
10354
30233
19687
28814
18651
28186
3440
30636
2598
18871
30892
5161
209
24146
29065
23926
110
32036
13144
5383
31669
16879
17658
19199
9773
24597
31828
367
9213
3056
11563
647
15288
6765
231
15926
25496
9049
24870
20417
4484
18743
25476
21425
29564
17464
15951
29346
17958
19216
27352
10874
13718
6723
21272
5938
9300
29298
5810
29271
16885
16847
10709
6714
208
11220
2995
21490
856
20064
20522
15279
1875
25578
26084
4188
5998
19420
4409
7686
11741
14143
3795
16478
15219
15054
32020
19680
21019
19792
31659
3254
29746
10479
8084
29808
19930
25038
21759
15058
19684
30301
20171
22398
4910
21912
4935
10619
12870
21976
25189
30767
6444
15349
16478
13259
12303
2216
19158
27348
31402
20891
14324
2349
29463
20708
4226
23193
23709
22723
8544
3552
19768
20709
27453
24733
15693
19039
31249
14614
24131
11230
6175
8546
15065
31304
31302
23774
25290
27763
20842
5061
631
29834
19713
16567
17108
23285
12563
28597
14865
29422
7678
15248
15422
7428
4073
9775
3746
21662
22732
30666
24287
20035
30247
19749
17246
26222
29605
15183
3946
8729
3231
6130
24495
23094
9070
25359
10780
17372
3989
8144
657
16391
150
21871
9468
5110
21205
3078
15820
24881
15978
22483
28283
30629
1209
2136
8616
10689
17492
12461
9286
23565
17026
4340
11032
14487
8435
18683
21672
12233
11429
8467
7737
19029
14641
2286
28035
23340
6295
15798
780
3311
727
16038
9261
31331
16664
21758
7194
22314
2991
14991
29728
556
13506
13721
428
11759
20092
29946
12387
11427
14758
14060
29276
17426
15949
30713
21107
16998
23309
14717
12826
23892
18967
23110
8765
7833
2159
28658
22832
13654
11693
19310
14734
30949
103
26679
20339
20198
26733
14058
25532
21866
1606
11342
22183
23232
16023
21747
9285
27294
28946
17225
22353
30172
11623
11122
32057
4394
30753
24577
12523
28913
29865
19826
13833
19696
18955
9269
23783
10939
19712
17082
2204
21678
21213
10050
14128
14170
18828
21013
3362
9392
18068
22390
17995
6831
30954
28379
18084
28861
21293
3076
26524
23983
5066
14696
27711
30971
11083
27293
18056
2864
26380
12263
12953
31517
19227
32501
24052
25056
10409
8821
32076
32275
16911
23040
28568
9066
19400
16463
12671
20082
24004
17559
23071
14766
26244
85
21975
1418
13475
18606
28112
28621
18653
25022
30595
8596
554
28431
11965
16731
10186
20244
26989
12715
29684
32420
21507
5288
28753
5512
10326
30709
4770
27628
3129
12450
28138
32462
7147
15084
26564
17163
11628
16755
9759
3503
25045
2822
6898
25242
11364
5923
25981
11270
28981
28673
6267
18636
27092
15514
18293
9191
15262
26609
14552
18105
17599
23047
123
13685
25630
31815
9168
12891
4931
3606
24119
24526
11185
26718
19398
4384
21726
22691
28528
16539
23343
32674
21536
14897
9175
13437
8841
12608
32707
7987
31284
23573
23065
283
30572
19778
20553
12317
26740
8647
803
28838
13438
17835
18475
21893
29071
18778
20909
21637
18670
357
12060
28437
5276
22623
32340
19130
9224
11656
21457
14289
7220
8929
13760
1331
13227
15760
31436
5843
4858
22033
19220
26537
13224
24502
863
29421
27596
10226
11467
7664
28397
24410
13421
28570
6280
18506
10418
6462
1683
22557
15720
20069
21454
23979
16782
12059
3059
25547
3586
12940
17933
28328
11908
16645
23775
5958
24378
13932
3851
21385
5127
20473
18281
10250
12445
9613
1917
19266
5711
16679
31902
4043
31894
18895
22740
12216
6847
21228
19986
23389
18164
18296
13337
27243
4903
31583
7327
24312
469
5897
22065
1138
4482
7539
20290
2584
8479
362
16378
25463
31804
24133
9854
13203
8113
13214
11672
31159
8326
24704
26387
20474
19981
7870
16619
22955
20239
32508
30934
6714
32245
18400
14748
7632
16288
3995
6604
5250
8154
27328
32428
2342
2039
15977
28103
38
17396
16131
4256
10950
13468
31261
14718
17580
10164
18885
28666
2346
2015
15125
22463
1629
19754
25096
29566
13280
8354
28619
22865
22543
14381
3665
22962
18443
12377
24218
15508
18849
32506
5696
2849
30108
10925
11574
24247
186
31642
32320
23942
16945
29696
1536
2252
26273
22147
7101
30349
11818
7845
32329
14494
1505
2184
28840
6153
6204
2997
24834
16914
8507
12209
26417
13659
28921
23062
31099
14905
16382
4085
22008
22930
13640
22067
12312
298
4315
23984
17462
24239
28763
20029
6334
32585
23553
2526
12649
5388
13270
32608
11749
4246
31845
14926
22314
19851
21092
23743
13742
23912
14954
11042
3061
17482
30188
20001
14231
2100
12657
14372
6491
28994
32724
26696
32482
21840
6369
28412
3823
5045
12650
26852
3444
7182
1392
31882
11653
11636
16282
13926
11853
13810
24398
4922
16250
16894
17909
25742
18269
7753
3789
30129
28037
15625
15530
11643
20141
9074
10222
26644
16194
17626
25048
27930
29073
20991
4399
22457
13312
30146
21280
17343
5561
25257
17294
8277
1988
31193
11241
7113
3371
8887
3716
16143
11282
15797
12541
7842
6089
2525
31442
27275
29334
29363
4114
26178
29549
8012
29846
31956
21646
21197
11131
20466
14932
27264
16822
18391
30492
21334
28757
13331
13441
15616
1439
