6452
16862
29757
1176
16355
22301
5298
2496
20278
30097
25004
25699
6682
12740
2443
15163
17948
8454
2350
16665
13475
19530
8343
21507
2443
13110
30596
421
4337
47
14629
9420
6762
8445
17541
16078
6569
29088
28330
9123
12276
1760
5922
4121
20671
13396
15277
32356
8713
25734
23533
12802
738
30224
20314
10154
3401
25518
2253
23680
7902
8754
24807
2827
16877
3136
31473
3964
13353
13695
20971
17447
2973
8029
11607
16251
14998
2815
26505
25926
16525
23243
7591
8179
20243
31670
18449
30862
24376
30073
14604
13349
10781
17015
1271
31655
10314
16446
22477
20482
21763
23746
27866
18463
16321
7452
29582
16791
15153
31535
18992
22114
27776
13174
21051
22194
29269
15396
15763
13643
10136
31622
7443
19993
22184
3366
28467
13108
25096
8515
18903
28724
25666
24808
11449
29913
28029
22930
11844
31192
5914
5041
26185
11322
11143
25405
25432
16377
6283
21766
13703
21494
31851
32518
16472
10488
30770
26547
8136
11000
23580
28656
12885
1511
18774
14586
15494
10329
13630
20922
16234
31367
1894
14026
28128
23700
15955
4331
25910
29962
17189
31099
20259
28287
17787
9653
21707
12591
23562
19881
29247
14392
10346
3667
3335
155
7480
29704
9751
16110
27637
18965
24213
9674
20503
2996
24717
29736
28423
19957
22809
24645
12241
2587
21877
27501
4057
26914
4102
9709
4545
29623
1322
24802
30495
13371
30178
2883
1210
17056
12828
17323
16011
6573
9345
4658
22670
13243
9455
9215
24634
10801
19873
6065
2340
14513
15162
21883
24367
10442
22503
10969
9736
25182
16205
30310
1034
9417
652
10867
27186
31745
1187
4482
31512
21816
5407
14121
25109
4896
19726
22806
13840
28591
16445
22438
9617
532
20941
15784
26112
26180
2479
7898
17264
20253
4717
8940
4654
19626
13029
29329
19937
693
7542
23159
6588
3821
14141
14460
26270
20836
29031
24449
8955
22327
10072
10866
5963
1240
1061
2197
22358
31174
6265
25552
12403
1680
29733
3281
29493
28676
24764
25907
22639
1087
16300
28822
28165
1464
27519
4304
25551
9135
25706
30435
19428
26746
25099
22234
17506
4870
16937
2914
17857
28535
21971
30379
19011
15090
16639
2954
13179
9627
11447
849
31857
31400
15696
22273
22540
12191
28121
17757
29360
2892
30732
10046
20363
14035
25211
20915
28405
18520
1337
11688
21882
19580
20959
26961
1052
28586
6769
32074
10135
30556
16729
23454
17905
25337
5316
4539
22470
20976
6230
18758
29842
9197
22050
6727
5062
12591
1710
5330
9176
28726
1517
1090
2895
629
15553
32121
31961
4892
19491
23293
8666
28712
27946
3521
9876
8590
30664
619
3019
7416
22738
28313
18320
20246
20766
19532
10570
30137
20263
31555
20579
11517
192
19118
25729
32662
23404
26282
9718
26904
21802
1499
12128
32209
28504
19733
18115
23298
10799
12240
12479
23937
26252
12784
6268
944
23978
32435
4981
5744
10981
4156
985
14968
31096
13730
9640
31590
29085
6523
32229
22013
2506
10716
15543
19011
9264
22076
89
21301
30142
16286
9697
10673
16749
22990
17799
20477
14504
17340
3294
1006
14947
2732
18124
15247
22343
18454
29272
10840
6232
21163
240
29877
22199
21951
29389
25402
13735
20533
22015
2257
6627
19993
9383
4488
8461
29070
18293
16960
29418
22094
19521
5455
30846
27212
1039
7355
6183
25665
31114
2881
17515
25651
1711
28543
11046
24256
32761
20420
9258
18502
32043
17730
5847
4373
12512
31356
27946
17644
25017
17012
17116
23344
31514
2709
4617
9987
29335
8038
4384
12516
18573
10254
26855
27082
18448
13093
23307
3576
1396
5139
18246
11872
3457
9282
19853
24048
904
3903
4443
15752
11467
24770
32566
18719
4119
20908
8188
8189
19098
22735
24339
32558
29430
28221
17869
30930
5447
9126
1093
31865
26160
17594
8720
13880
6589
25411
18603
23468
19516
18203
14579
11582
9405
5640
9456
31411
22191
31692
28139
3767
16907
8385
21900
4831
12734
21588
21446
24006
22848
19912
3419
20317
10001
24661
24491
20984
10408
1788
22151
17081
10618
31570
22306
31436
2754
32527
20050
30785
15985
32557
21105
7369
25355
5508
14203
8759
12982
19106
8735
31899
23059
26323
27239
19088
9317
17757
15146
19858
6106
13625
2346
29121
718
11558
32587
3069
21650
13368
18239
31568
24179
15079
3452
31498
9243
12812
3984
6878
25544
1143
2937
17594
10088
4959
12536
15953
18005
9462
5791
23700
18416
23900
25953
15002
31619
21297
16008
4679
15317
2508
30876
25452
13522
15597
16586
3572
29019
10289
24973
2563
16719
11204
28977
7506
29538
11733
14181
13241
11320
30860
27193
17204
23103
30213
7292
20257
24372
30874
31753
10994
12973
28187
8808
8412
19859
14621
14402
8382
10763
20854
6748
26424
18434
4612
10686
23910
853
2177
13175
17984
15993
14759
16456
30423
17396
7143
233
23880
26701
12238
6881
22044
29342
2581
27355
19643
23322
24872
16664
17481
22198
1788
23932
9194
17326
13755
5095
20055
30592
31977
28658
21214
3218
28622
30986
25666
13475
3788
22068
22427
16267
31314
23600
26563
7838
3019
3125
31074
20728
30045
12917
7538
21324
1385
9604
2931
31731
12790
14966
29596
32029
17328
19125
17510
11356
16303
28747
2078
22097
6101
26551
23247
12846
17567
22964
316
22278
31127
31423
12656
5865
9435
23194
28128
14664
14473
29339
28696
2998
1848
11177
5373
12572
24144
23373
27837
16961
20414
11055
25296
8345
14176
21640
29989
15487
20728
4167
31146
30664
17381
20189
29379
26150
5802
17490
3376
8066
28070
31905
18057
5146
5526
22975
20108
9033
4565
13861
16405
7654
32415
3770
659
1977
5118
6396
19878
22070
4297
17830
3354
12098
10671
25571
1171
5157
30819
23956
21581
28578
31269
5757
10450
10309
10821
26839
3627
31077
17878
26650
15074
28481
24366
27617
13934
10955
22443
30025
8877
16675
31979
28408
11454
7537
3755
17613
29605
25722
14046
31851
18125
5996
20542
30469
15919
14959
22335
11202
17747
29309
32726
16898
6612
25621
15038
4094
535
3049
779
17761
23602
17817
19851
26247
29394
295
14869
14766
10611
29294
21465
25896
8705
301
8182
3663
26928
2840
3499
16405
5711
15465
15320
5697
21492
12646
19914
29418
22899
8826
13249
13671
22323
5661
11191
31606
13182
8790
27737
26583
9405
9557
8453
21962
25839
18670
18489
19798
6045
12434
14380
31889
16819
19183
31838
14908
6370
29620
32399
18304
18179
5169
25336
18457
14650
20872
16770
24976
28801
5137
30443
14376
31470
30673
13408
18471
22755
82
27066
13513
15805
10025
4692
29135
6402
21418
29427
27856
11391
27217
2480
2250
6866
3896
4374
22548
23008
21029
31481
27949
6299
26928
1471
24264
31714
13279
7315
9621
28078
20175
5328
6919
7600
18053
3290
22186
7593
380
30684
24402
7152
17779
9560
5882
24675
19712
10348
19020
27190
13859
13651
15081
4895
14409
16924
16966
6954
26379
4674
11662
26143
32378
14484
25069
4521
2293
4422
21367
25600
1416
500
12828
12323
22553
23988
21890
30768
25092
24459
20147
15292
2318
10655
16044
11346
11347
13656
21636
8150
12565
14470
430
24499
23857
21779
13132
969
28556
22246
18671
6781
8137
1734
6384
13119
31045
21164
30054
6895
27403
1406
13772
12636
12799
13270
14568
17633
17530
5437
461
13163
14365
28801
4285
23829
32673
3440
9034
18350
12455
14865
8122
24478
31523
12330
26220
5950
32609
24089
20868
15406
23548
24188
15096
3159
18330
24515
13641
28793
16560
19081
6667
1200
2690
13291
11599
30556
4584
2180
31677
1719
3505
17470
23599
22603
14366
1796
14834
14192
28014
16657
6251
28218
2630
7925
4345
22485
27972
12962
11324
7673
28621
10573
21681
7882
30307
9353
10057
4689
21460
4009
3289
13576
17527
2769
1573
20582
17491
5187
19381
12451
2753
32066
3961
1511
658
31310
7174
1188
12255
14592
15067
11145
28732
2480
30666
4104
1319
19635
14307
28974
9882
21453
18066
20178
25587
29754
15136
9226
31071
26428
31535
5595
29193
5208
20293
23904
5838
18153
11188
19273
14939
4601
8352
31483
27382
17361
21203
17711
14042
22120
25348
9218
4271
27048
19569
15367
24309
26297
30418
21544
14902
31090
86
26636
18443
4552
29268
28901
24665
24473
4323
22978
18375
31087
27761
22238
31021
2804
3715
23911
5922
18398
4259
12104
32399
19527
13077
26729
9420
11352
23895
4281
13886
2936
18574
3215
12808
7250
17533
18829
14569
14106
2288
15278
1709
15287
17641
3303
2450
10769
12006
11067
30589
5470
27500
3411
20666
30100
29945
25903
284
17098
10956
6344
8779
22077
15210
32552
14315
15165
29151
24228
32248
24995
8870
6490
9907
21156
15342
10835
29687
1660
8248
16722
28615
31203
16410
30121
22073
10147
31705
10354
20103
3802
9288
32262
8482
12099
10240
18578
1351
9730
18199
1387
29656
10819
12994
5958
12571
3030
26306
19689
24975
4909
11117
2620
19752
31999
19762
17661
28070
26818
24036
30350
1428
15792
23760
28731
27958
17742
3313
27872
22782
2704
18725
11373
20814
18379
4009
4252
23115
5294
5339
10807
16441
8833
5794
31061
10734
31255
30827
26919
7414
20439
21256
6758
1691
25381
29048
7415
31826
1725
22671
7112
13571
17616
14904
8011
30047
5917
4986
10874
6165
15213
29284
8834
6559
17623
7355
24316
26858
29903
26402
9387
32679
26101
2437
11251
5393
30980
16805
13638
19482
25797
27409
24372
28395
1581
20669
3766
3256
24569
17345
29441
17242
32749
28619
19409
17927
16793
1396
32090
10889
14447
10021
20851
1843
27833
11779
11227
6716
16664
31878
29687
12074
20563
27838
12920
4754
130
25002
3190
17605
11997
12288
12786
12417
2812
8927
11408
13476
22750
12249
31865
3654
28936
15401
9326
25141
20955
3125
511
19375
21407
30231
31783
3792
8401
13320
23957
29111
15365
12358
17934
12307
15640
6456
26942
6237
3662
2688
32749
14988
27946
8745
381
7112
5575
12643
26321
28556
23751
14383
10254
21920
25195
22255
10349
30637
8697
29261
19966
16395
26216
9646
20970
26646
11894
1456
6145
13710
30601
19701
8851
2343
32134
19170
32199
17694
8706
14
31160
26069
26565
4742
4442
4167
31474
112
12128
15202
1219
7913
21798
16863
30288
23687
28798
31960
8930
2977
6541
2796
21511
27275
1083
22807
9117
11763
4109
20385
5171
23513
26416
19771
16056
15246
10025
25955
19682
30063
13490
15901
21450
15690
30334
4827
11597
188
19011
4133
21385
11584
25114
27446
16586
16223
1102
23798
9473
15071
12917
6138
24064
9398
9280
18907
22520
10433
3610
2168
4291
28257
18123
22811
28792
17797
28399
20542
27712
24625
15526
30721
27400
543
24700
13974
843
2151
20630
1967
15729
26799
13380
18421
12008
30597
15395
14864
16293
5655
11012
7054
7034
5204
22090
10476
872
15560
15305
19703
27484
1669
6436
27039
27580
4318
17440
7705
414
27333
21847
10560
18112
30766
1446
22912
18409
8630
24265
4736
31000
22265
3718
19795
20085
32531
2773
27042
29526
646
17009
31
31365
2503
13460
7610
9690
11814
27693
30613
10473
26583
26692
19914
15645
23418
27447
27541
32096
20088
22982
17405
8053
21162
6963
22243
6188
20420
22880
13839
28067
26501
12394
10713
22746
32328
32564
6070
18706
28398
14371
29546
6583
4137
3363
15601
4248
29287
17137
21535
31530
30963
28155
20975
6836
11839
18639
28678
455
494
8685
29630
25276
18685
3780
2189
24535
23976
10127
7116
45
6896
15847
28315
1619
15483
22266
21776
5527
27515
28025
25803
28247
9564
12649
16011
28974
13303
13601
18592
11035
22882
5416
1434
10917
30482
32105
15047
17089
6907
12731
2622
21831
24301
26419
17539
29099
921
30670
244
29074
20061
18493
15605
13509
9335
30108
13479
17360
3970
15318
6627
30418
21328
16201
5533
16004
5316
19989
6839
30331
31093
6737
5176
15537
21199
13973
26872
11932
905
31343
26658
4273
28716
19301
14851
32400
32318
19462
518
19273
22009
31956
18890
6396
17283
97
31827
4590
20543
719
7582
4485
13202
31719
1946
12757
9121
14553
13931
24700
10497
6039
12247
9168
23897
5458
15203
23784
22900
30652
22105
17291
12916
2911
19853
22689
29801
14593
4342
32167
21471
30128
9665
7265
2273
2065
27515
12781
8165
28287
20836
29363
11930
30308
2063
1466
16996
10006
12148
9450
23164
2506
21738
1953
5134
5482
12958
28089
8325
20450
23488
10568
16105
15821
20017
5407
25675
28644
4085
17878
30428
7267
13741
1511
20144
21105
26283
13984
16801
15954
24361
4281
7028
28590
10753
28609
10704
6883
15958
19163
26552
10787
4695
14634
3427
13529
26325
23596
8045
9264
12204
22038
26729
18196
9148
12773
18436
14836
29096
6160
23060
22339
29727
22978
4582
32221
26727
11508
22728
12492
7447
30203
5444
6041
1205
12049
2860
23663
11462
2951
15116
17033
10774
8293
24398
20946
28912
5470
5519
7869
32012
16146
15049
30816
8887
582
12351
30515
18908
8396
16015
28504
14933
27294
12468
11149
32417
18501
13572
11790
16241
8136
14808
3007
703
10719
26045
1851
14000
787
13509
9675
21766
10027
20152
27097
11130
26917
29521
14905
21811
11573
226
16997
23766
1335
28679
13893
22917
13597
19706
11305
9250
12745
32713
22566
10886
12706
18863
2836
8580
30991
7633
14213
30466
26746
11095
621
12832
30065
7136
2523
26356
1217
1848
18942
24582
1078
8672
26885
18504
18826
16840
31498
1130
8384
21682
7956
19344
15999
22602
7498
10321
17906
3552
19202
24476
29709
6926
28639
17173
16554
7011
13782
28209
2110
32028
30178
12453
2188
10985
30592
12904
19030
22521
19837
8871
924
18556
19083
26536
30318
5047
1421
13155
25398
27284
2717
25064
23397
4086
3593
13172
27951
32284
20766
12534
7482
533
32078
18527
656
13451
6735
4654
6337
3838
22666
24459
10713
10280
31732
4020
17219
14333
17130
5300
24377
1902
18653
23994
30407
565
24601
29701
28874
4075
4261
23394
6394
17301
17038
6605
1690
17852
24134
22962
9982
359
18873
12133
16698
30541
25420
13969
13885
16307
1092
17651
13182
16755
6792
25589
2902
28453
26231
23860
24379
15535
27726
31399
24981
9136
22665
13976
2520
16010
7388
28089
26850
22636
29964
31143
16313
9136
27555
30752
27484
23334
21606
11330
4227
4018
843
4341
16874
16349
28126
23600
6490
27537
1900
25576
20361
16926
4878
14870
7142
13380
8579
16112
9394
29654
25050
8721
9961
8082
16029
14972
5351
29875
14721
11459
1251
2407
3035
20056
10700
22426
14981
6752
16946
6753
23229
9696
7038
29214
14275
20658
21285
32607
24589
10232
16367
14278
10429
8205
21115
27295
8102
15170
25851
14980
8172
24525
19803
3013
30890
19805
29394
14998
8662
11603
12742
24420
9544
24878
23310
13760
14251
24088
12291
27877
19639
23573
9756
28214
28054
25460
1599
2303
21976
29367
32320
8793
15174
1251
14116
11959
675
10968
18277
8952
7548
10171
7818
25278
12342
29283
29628
11766
13537
5749
12931
31877
30862
2265
22866
8869
14033
31836
20045
13993
19906
22093
27948
3327
1876
31177
10102
29624
351
12011
14202
3941
13207
20013
12229
6778
17223
28964
12276
25252
18221
21002
16796
12289
7038
17691
15028
24100
30036
16782
28504
26937
10756
27634
3395
17092
20726
16700
4635
23955
26041
6891
10245
18582
15744
30946
27321
7919
15155
6115
2698
14326
23757
29846
28937
2672
29183
28670
13784
137
2006
10063
11609
9438
4117
32001
8483
20259
30665
5454
21303
16710
9
8159
27887
32056
10959
6626
5140
25896
22782
18533
13232
28960
6675
28824
25515
28354
14090
20731
3590
26133
14386
28326
1469
12250
20192
20931
5831
22520
13819
2289
25894
26315
9692
13903
20371
163
13096
27259
22665
9966
7950
25684
27615
27260
9505
26667
9517
30914
23432
32170
22069
8627
5312
3992
2734
3631
6694
27693
30430
5119
668
12356
17759
4299
10440
19263
20459
28073
30741
30405
24135
4659
24244
23409
10401
8434
17810
28287
2101
4636
6808
28586
1421
31967
3729
9774
29733
685
10725
14295
30467
7034
11316
13321
12127
26158
9386
4133
29332
17342
22432
4113
22824
27315
32067
6122
23155
13124
19905
14253
19368
29844
28824
15784
19388
13870
29847
2374
28029
8027
11236
12212
4310
19540
19034
17669
14505
20914
32575
12450
21806
12410
1146
784
25169
21272
16374
23523
26147
21057
26641
16689
5298
14992
16525
5050
32522
28173
25119
20414
19044
23622
9877
3377
24025
2559
2454
23127
32646
30953
9235
8099
6098
5685
31738
11420
27882
19639
7434
32727
18302
27207
29635
22723
21162
8509
29513
5593
11824
10632
12177
5450
16079
25654
19425
20833
12799
12805
20182
25977
11242
14256
5191
5998
15919
1753
20616
16111
8507
416
1869
22575
2574
4996
2581
18053
26096
3498
14701
31716
28628
23190
21911
10123
5211
11002
1870
13506
16597
4782
14179
32177
18792
12770
5028
11013
15553
10909
13199
8467
3342
10638
27740
15478
8990
14348
12347
13171
19171
14605
9544
4325
8227
9843
17411
14619
6809
14906
568
15656
970
7654
22470
24754
13941
6008
22822
8335
6405
24745
30243
23497
20283
2759
32659
15496
23556
7725
1207
14299
11308
10452
30625
14190
12832
1418
4985
2965
25645
6296
21030
9203
17738
1097
20720
24498
31490
13417
10504
29397
21314
27008
12287
4105
5799
28035
4245
13593
10283
26017
7060
7387
8760
26481
6404
27695
10390
22876
27807
3246
24900
2624
7036
12558
27674
12904
15266
25591
6066
21254
1108
28887
15501
30041
14971
29772
20387
947
7293
1111
15756
27352
5350
7604
8778
199
28652
20353
31978
21775
13928
16749
1843
27432
14275
31399
8846
16287
1043
435
18565
1262
22762
27690
19712
5389
17266
7549
12798
4888
28741
21976
31701
25121
22422
2282
23350
28799
3446
25692
3665
31425
27159
19194
22885
2273
1602
15837
16384
11625
7130
4266
16781
25457
19108
11575
10798
14477
2087
22501
26240
25856
21388
23093
17507
22432
2637
23101
5372
28157
6191
23413
31830
16469
26399
13101
11751
5866
15928
24816
10802
2942
1399
28403
13306
1819
19585
30733
5977
23723
5324
28674
25157
15503
24803
4117
30266
10697
18519
23780
11455
11882
26254
23248
4584
22336
15409
16577
4945
6431
6229
16846
118
12219
8555
10523
3667
10819
8483
14594
19835
17888
21035
10434
1636
29248
30461
23215
15265
29834
14824
23828
6742
1971
27782
30018
18242
4111
16569
11780
6832
11603
19618
21794
3377
20429
8810
4609
16418
25761
2599
31241
4452
17398
4137
14319
15646
13691
12608
6632
29402
32434
20469
8596
4766
22044
14604
5027
9405
437
18669
30444
28532
11490
20724
30448
24385
26304
10494
22948
4992
29770
28757
17895
4395
29432
24932
18478
4617
13124
29195
53
2226
17622
12160
26670
27879
5735
6215
24217
234
15170
14206
31975
11262
31886
25449
26767
9992
612
6737
3776
20985
3517
10726
10289
24335
2891
25283
4933
29877
16367
28785
3596
14236
17947
31467
1034
2451
6145
3301
21761
13916
23636
7728
26
30036
18413
5123
19274
29346
16840
5216
17239
26789
11194
20287
13614
3365
7384
26141
442
13889
17917
13022
3721
1571
16698
6884
31449
19011
21623
21671
22839
11553
27949
640
4329
2421
30043
9844
11171
6317
3117
14141
28071
11714
1799
1028
1704
17170
15213
23711
13952
28503
30064
20316
14224
31999
5712
21220
14092
13566
26052
2344
16159
2253
5912
22221
271
767
10652
16223
19900
10951
4185
27244
6058
22210
29744
3944
1379
22090
16253
27958
14295
20022
9737
16160
24090
23562
18835
16643
23543
28224
23960
19627
24635
1243
14123
27704
24822
20317
5938
10113
2440
24390
8809
18821
20957
1932
18503
3296
17850
13283
3906
4233
31747
9465
30615
20001
27573
19075
4666
10434
17175
16626
13826
229
7444
21643
21846
20750
14054
15684
5653
21721
18024
17335
28081
11239
11155
15897
10598
20215
3241
17712
12067
24328
15224
15870
23272
25431
7213
3964
15656
318
22722
16551
23879
21503
21569
9961
29253
17782
9987
19030
29783
6623
30265
21345
18444
2520
15103
14885
18560
29038
7283
28827
10852
14590
26022
5714
20646
26073
9257
26132
4105
22640
21428
16094
29187
15833
3968
12002
31485
2709
2368
27218
23271
1012
24763
5886
14463
19256
8829
13445
8379
4561
26556
23634
6469
31976
19295
29203
29308
16179
4578
16070
5896
25468
3878
25539
5446
24099
20887
32060
20875
10831
26599
30720
14799
6036
24466
29809
30169
11418
26178
16604
26753
11364
1588
7960
16956
25146
13098
22897
6818
19206
1295
28294
29231
8690
15242
17491
10127
4868
19911
27588
20431
7552
6510
26633
15753
12830
19614
31710
16601
6867
20734
25674
7484
10726
9328
17470
13667
20780
568
2198
21155
18598
14281
22538
263
4394
20546
31608
18899
19173
6385
1748
17483
7665
174
14918
28295
17955
12383
30606
8483
27435
404
25284
9542
31839
6454
30555
10491
26730
15050
19601
8606
5496
26565
17381
9593
23804
24913
802
19645
25459
11574
9356
9860
8185
29052
32408
21483
30388
5059
23475
13470
18830
16170
22886
21965
2509
11919
8440
29342
7024
31856
28185
764
6745
11688
3977
26579
5533
12014
967
2084
29485
930
7754
15157
11160
29821
202
18611
9972
1333
27629
25810
19609
14073
11078
25547
27915
19935
5847
18203
2658
8307
9172
23935
24261
3199
28818
7734
22349
21136
17637
28109
25680
3611
24952
15688
20439
12193
2547
4377
12584
8299
25429
31699
22002
13205
7178
26038
9423
24489
13001
879
31133
31751
15582
6095
10380
20172
15895
22424
7528
7428
28489
14694
15049
28578
7312
3959
24608
9597
21732
24018
8857
16879
32155
13948
1163
2504
13203
5607
27755
15012
14717
18454
6890
22316
27633
19922
215
17472
6905
28977
30426
27813
5149
12870
14941
20751
7374
2345
9184
15107
28839
2298
14118
17593
362
23611
6766
20429
2525
3585
15888
32744
9184
5233
17027
30172
8864
18647
28670
14596
25827
1411
19271
12266
22803
10005
32254
23145
13056
14021
20240
2380
27421
5008
24331
29610
24309
20923
8461
17869
9030
29788
30170
23870
4519
5355
4637
5606
18095
15738
7354
15819
12336
29033
19856
25820
4931
12913
18652
21102
18079
14286
16460
26416
24040
31827
26836
9664
6700
29996
29028
9664
16483
5874
10805
18234
22230
7621
11435
8324
7558
2822
7318
9595
18559
9879
22802
13835
28987
1036
19444
6913
22808
910
3755
7445
10736
18240
7720
15143
28758
26410
7249
31713
6312
13042
4288
7686
19529
21684
19166
3340
26557
6745
6768
21240
30149
31375
7532
11210
11104
24449
3669
4332
4748
26537
5018
16604
30227
13974
24101
3906
8931
20012
23626
11784
17483
31984
25047
16118
19456
28715
21620
12877
5905
14846
8906
20636
21191
5443
9500
9048
10829
7905
6616
30460
8668
3618
1692
15875
4362
24574
2134
19931
4330
30555
18314
7593
29682
19423
29288
20288
19009
29238
25038
10355
14601
27511
25442
12672
1868
29056
13787
17124
27911
24832
29964
29490
30488
12053
15099
30441
21415
3066
15189
15116
4510
3117
17776
31856
19378
19201
29916
9108
31811
11023
15423
16988
18110
23530
1209
28068
21194
15206
27360
25025
30852
24670
14475
16747
12969
30781
23014
25530
13536
4855
14794
29814
2074
28024
11796
16804
4016
25516
5358
7018
19908
29972
18614
6083
8166
16497
32733
9196
12777
18573
9329
13353
17327
1102
26587
25337
22704
25185
10718
27325
19850
20440
29011
16608
3929
1044
8258
27590
20533
1794
15458
32431
28203
19985
10746
32726
29411
13161
23113
5549
534
10778
23120
20497
9817
18413
16286
10410
30450
1175
28194
24382
17704
20014
3002
27689
26191
9268
27165
27828
26665
3416
27689
6691
3652
24802
14657
2850
22139
12927
16262
3957
16964
742
4883
7136
1120
346
31231
26940
18395
19284
13591
1122
20148
15765
16278
24228
23179
27162
21748
23498
26909
4576
26830
12494
23155
14826
829
24418
23337
20450
25664
16651
18238
29962
21505
20765
16941
14295
29082
12460
23306
30010
11451
24398
21942
2754
19656
20740
4043
10451
15868
3936
8762
21318
20707
12391
25331
12250
218
10166
4806
11709
20903
3797
28152
2743
2504
30619
25460
590
2873
3088
22961
3835
2520
3072
24823
18469
21860
29395
18274
30365
3163
19396
9890
27904
19723
4948
28006
32700
14768
18696
32423
26783
1063
5096
20201
7075
29271
31452
20631
13155
28692
17442
3672
27894
30235
6904
3419
7144
5827
7550
3186
10854
9634
9377
27381
1764
14474
6105
24412
26212
26022
950
12465
17207
18140
30888
18062
15060
11367
9374
2307
14340
4153
20592
27583
24925
6970
20976
4641
31498
31139
5783
26410
5311
27376
1286
14608
30934
7530
17266
24951
19519
4599
14579
25635
12235
2567
5444
9397
20665
17609
11248
10280
19925
29909
25090
5727
4745
31256
29444
11392
32087
16238
18394
27367
6739
13443
18982
16294
6878
19910
9184
22543
1644
31458
27883
18617
765
5115
15962
24589
28901
4222
25512
2635
17687
10979
16404
18031
20436
17487
14674
17908
10993
21013
27851
8110
6006
31263
16923
11000
31057
13763
13197
3297
868
5258
15572
23243
10795
20894
20536
26350
19477
28678
25640
30615
25504
28435
13276
1957
32612
29512
18234
5347
16129
32270
20722
26732
7316
20997
3627
9450
25899
16085
20895
29858
20056
14659
6366
31886
30374
31410
12785
23980
29424
19541
985
1599
30868
7586
26983
5460
30368
5280
17607
25870
11875
25094
14266
12065
12251
6439
1298
1619
20684
22423
537
11003
16361
31867
13590
32182
29940
24867
3905
12507
23937
2941
7309
4786
13266
8268
5328
3759
15728
13576
27995
16229
26666
13599
13603
20503
9057
19528
15634
8851
29592
15858
11298
13708
966
22607
6541
25272
8858
11030
21607
27149
12212
32161
24290
24606
16538
16014
6759
359
29980
10679
15579
2895
18328
12700
24550
28002
23265
20773
7229
9466
15809
18998
17532
8917
6803
23697
9330
20991
9181
15267
15328
32375
29278
7378
10447
2441
25949
16620
21187
11634
16632
32083
246
6156
9244
20758
990
1138
13288
6478
14376
18457
265
3220
5321
26386
24048
5422
9182
17312
23613
20841
11331
14243
12124
27524
29281
22055
29783
27873
30007
27896
14952
17756
17385
21760
19720
22215
29309
1288
26696
10299
3794
13944
6729
25007
21235
25967
22850
16733
30028
20687
4099
17930
27440
29491
587
26936
14590
24892
5315
9862
19240
344
26508
26242
8185
9355
5935
24149
23292
22699
24645
25311
25260
22993
25673
32122
8141
20036
14116
18438
22765
30139
728
14161
26637
28237
23896
17253
10049
1872
12283
102
4142
17915
20448
27124
21917
10722
8046
21646
31496
13938
32030
27095
4328
15419
2310
5280
17459
10465
19710
10066
7913
16244
27101
18698
18283
26812
15510
16543
24857
23722
10114
30322
26137
10637
25537
25725
31614
329
3801
8382
14983
20257
3026
31436
10723
14748
31122
31336
25574
16172
10538
11390
22499
3956
8976
31034
32631
13472
21076
7352
28333
21507
1402
7903
31968
20699
21878
32432
3869
14022
19465
11703
18883
22621
28473
24023
30798
14777
4458
2609
17268
15644
16550
20954
4688
26511
4733
11762
3266
13720
4341
21722
23949
8365
10076
9539
26253
30841
24963
3634
19977
17450
28852
12236
25286
7452
25209
1991
29575
9573
20652
3546
30814
25920
17009
19025
30439
1193
18590
20236
3859
23652
8584
3181
5368
13758
10328
27427
13872
22392
12842
30094
1352
19896
13817
13796
25728
22721
1883
3672
9800
3516
19969
31809
25648
2618
23645
18170
5135
27308
30193
13643
961
19684
22660
4450
14883
17072
24113
13837
31818
3850
9939
5195
13187
5184
21504
12829
26524
24849
4642
31301
7206
7018
17786
29630
27594
14041
21201
19198
4987
21824
22193
15844
21693
5764
14003
8787
23704
15647
26055
27745
11440
8607
19778
31965
26465
13773
495
21197
14401
9115
21516
1388
9125
16950
7022
20621
24656
16441
463
29499
32004
14214
18935
11664
271
23388
17444
14379
20782
28449
12313
28529
18611
25435
18668
24227
25890
1309
19084
4259
12096
29697
19211
25388
10107
15557
8257
19779
19283
20307
225
26254
26405
10785
16068
1190
1311
13119
123
18680
11139
26818
20407
29932
29611
17225
15836
17061
27464
27879
17620
12672
5988
27518
199
7061
14509
14943
21971
9063
5849
23762
23373
6083
12022
30175
9505
23164
16984
17432
17829
26084
181
10599
24929
8744
17768
6994
30043
22821
9643
19982
3078
19088
2921
22989
12194
22700
21409
24199
7512
29261
22843
19724
4509
5722
12853
27245
19870
26864
21749
18534
17964
4987
6009
10957
2733
3978
8497
11040
16278
2729
24577
570
9025
5085
25353
16586
2569
30707
11926
32385
17221
21495
190
1153
16165
8463
21650
5794
6759
20232
8478
13115
5782
25224
21756
15345
21088
27882
22302
2491
9849
25149
27716
26134
31525
28648
7731
27462
19158
7010
20520
30743
17582
9172
21250
11046
15727
5413
9106
8267
6423
13449
11165
5535
16609
25770
27701
21047
30597
20607
29714
22099
16982
26965
30371
782
18490
29442
12786
31776
16669
22663
24322
24591
11779
20231
5603
29296
32539
10737
6009
29363
3008
14213
23473
31374
16658
25172
13650
14593
16507
9269
4081
15481
24815
12129
24285
26277
1534
10437
16711
22353
27954
6593
17495
20364
20696
16556
12682
8420
19662
11161
5207
14970
19110
31834
9774
17645
17679
19533
26847
4515
31985
18845
1600
26485
31271
16601
15490
29569
18044
10140
2020
17650
23199
11103
14829
6231
9906
21847
22129
16802
11101
7870
442
7226
32137
10749
385
11593
11453
9546
1493
15740
29856
24059
12259
17570
19931
5085
32158
21346
8755
20574
6232
1830
8933
8617
5218
1207
5151
5203
3524
29249
6256
12795
12937
21743
32618
2945
25493
19968
23110
11894
25464
17128
2939
20849
21342
32030
30245
31895
25243
26452
11641
12119
1301
2256
31449
29380
24301
14488
26883
13239
24619
6160
17960
8967
16537
17039
8511
16146
8481
25056
14102
31292
2893
5300
19591
14051
13673
11242
26945
1873
10729
23967
14931
9308
2905
16085
3122
759
25655
31133
946
18036
18591
2101
12969
14478
30134
18151
16017
15096
27867
8020
9491
14608
28037
4612
22038
24728
19503
31893
27782
17560
1990
29604
24535
21306
2193
24837
6129
28259
6202
2216
15059
27790
25989
25684
27245
8807
25046
24367
30300
19556
15904
25523
32446
13201
28250
29831
1528
15811
5688
26592
28652
9362
7506
32138
7337
19731
31186
2222
25666
25944
5806
19678
26013
12381
14705
29221
8178
30726
20258
15637
12462
25165
18901
15813
10815
15735
16026
22156
29478
28152
26625
25348
6606
27619
1190
18245
27330
2345
28030
20067
3517
13332
30737
15403
9526
14567
2579
20875
9432
17036
32255
25054
29625
7973
25214
1647
2017
2682
4829
27603
460
4946
11318
19686
31671
8796
20488
14392
18469
16858
17688
13369
28985
17441
14071
1395
6344
3099
20987
20958
15046
2502
25703
22429
20353
4546
14053
25417
21457
29258
10737
28459
26148
18587
20706
19322
26385
22389
29399
32267
16984
16979
29163
11645
15787
3168
10731
31095
25288
18708
11404
17360
28550
27479
10299
9728
32394
1749
12247
1552
13215
32144
14755
3097
1540
19390
20488
17608
8582
7629
22818
27093
31479
19955
14898
25840
19331
23723
3120
17293
25004
17237
15530
23881
28311
30235
10080
6472
6719
693
16072
18491
31274
28888
15401
14325
26108
26272
23197
28135
11231
12055
14575
22190
8066
1314
25476
27680
21971
30142
973
27329
25287
28011
11235
29565
29218
30354
18839
23583
28538
10169
4034
9991
19181
1901
29780
7242
3702
16416
4741
17807
411
22510
3720
19872
4145
22728
26233
14656
25649
27625
15438
5569
17908
6025
9685
384
30189
17772
12605
3066
30808
20210
7354
19082
29725
22782
3019
10236
10450
28503
5868
28950
5819
21551
21055
12413
3755
25184
23488
23287
21005
23238
13480
1148
9403
31088
31656
7737
19090
19034
6067
26898
19622
30406
1882
9940
19428
19610
16991
19770
6094
16440
3954
4941
31519
25395
22964
27435
19994
4855
28973
19329
26412
21395
4360
16960
29331
12008
4135
280
17320
11513
18648
14644
20270
12412
30057
159
4144
15200
1067
29264
2566
5638
4061
7096
11446
11406
24031
20524
1211
32204
12927
16612
18179
31627
24304
17496
11881
32232
32134
20311
24308
28905
12911
24983
26262
15389
8896
26832
16809
20281
2015
14743
14766
26944
18548
12700
5277
28793
28692
21726
11350
3847
6358
31007
6621
10733
12383
25661
6837
13242
27355
24921
1675
6500
5318
26745
16974
30436
5084
25
19138
11461
1211
9235
18331
17971
4155
20455
26034
20736
28778
10919
18843
21021
18063
15720
3402
6239
30734
28482
27074
681
5564
23854
6146
22037
4667
12465
7118
18435
30619
11121
6564
10991
11175
25243
21310
9632
3311
8974
11093
3723
10515
4783
179
22771
14356
18665
22895
24482
5526
22787
9981
17284
19740
11983
12867
18805
8832
8979
18190
26907
2679
28630
26946
21762
30012
14997
16139
27429
7339
15858
3572
11879
22092
11438
15629
27991
2002
28036
27536
3109
27054
4863
12371
9454
8626
1146
15037
17677
22064
657
16840
18187
1803
28656
16651
5447
31180
24796
25707
1455
2738
586
18670
28964
8645
24293
23762
23149
26942
26986
5443
9395
22878
16022
24757
15372
18363
18033
13446
25191
22359
4884
30484
8407
23210
18236
16973
18460
27620
11864
7952
29988
19505
14989
29669
740
11142
30987
32198
20727
16755
14878
23481
17909
18505
18072
30390
19231
30336
32098
1445
21943
10977
16199
5845
2979
32594
2521
5086
31063
31632
20262
1813
20003
16536
17851
7420
17142
27941
25900
15478
3422
3876
10004
11290
12594
9453
28176
26244
4491
29850
10200
2569
8275
2332
26379
8053
14414
2950
5427
21500
27034
21206
10627
29793
28288
22528
2232
31088
19776
21498
28476
11206
18305
30677
20911
19492
22851
5524
18752
9126
20806
14926
2423
5196
22127
20478
11359
1777
4081
7933
11034
29744
32743
17429
30092
32254
31845
8857
7761
5871
24528
10990
29421
25978
30529
26137
22825
31263
32071
955
10191
17875
18759
3930
29407
19133
22323
24156
26668
8592
12734
26839
25393
2105
27176
26906
31334
747
27445
21931
15823
11450
25214
28590
20365
15564
28634
1304
17589
28023
11420
7124
15703
12572
13282
5278
2752
28990
28582
3509
5192
19703
14556
27621
16800
31368
19370
12954
24418
23772
26034
31295
921
6652
3491
27495
85
12294
18526
20093
11480
15195
18540
9848
25583
31069
9835
6270
22599
1496
9216
17067
23217
26266
19066
21986
10801
2665
15651
10152
15629
27319
27966
6587
32037
31898
25879
15858
25093
20993
18410
7477
30107
30645
5449
14923
11129
26373
21276
31212
7941
19348
22150
18368
14087
10795
24616
19898
8567
4736
27112
15372
26944
13600
29701
14731
27437
22430
23129
15908
24435
2067
26259
17025
2107
10269
16236
21783
28580
28289
22525
10764
18794
1499
15928
5900
5739
19310
2684
12519
17490
430
30529
6007
29312
4787
8153
14417
2180
20859
9486
23261
16554
29913
3026
25362
9745
30939
23531
2792
2621
14859
12049
19002
18799
632
30340
21890
28956
15496
18930
22105
19716
9949
4558
15445
31353
26817
29286
2721
26516
18865
24308
15385
28025
736
17052
8247
27832
18783
23489
5454
402
19599
8182
31638
25581
24507
2304
18158
6341
22763
21827
16194
28614
8081
19593
25730
10613
23438
4809
23962
4854
26411
19010
13057
14663
21937
31628
29346
17318
22040
13505
3852
20748
23694
31498
5292
21043
22403
15351
28051
32175
27794
1359
17834
453
31954
4312
6888
20756
11797
23406
30503
32725
11188
1384
29791
169
10813
18839
12855
26940
8949
15255
26735
13471
7066
9158
21911
28007
29571
20330
2750
611
31658
1353
11287
8378
11187
22719
22201
32630
4099
7138
32686
4157
29252
4895
4215
22077
27883
32693
31385
27708
25157
3643
15894
10499
478
8126
31176
31587
17959
26882
11333
2317
22306
17593
15238
7233
11180
2872
17310
28566
12577
13355
26662
17802
19407
24081
16010
31359
19791
14833
30708
18979
12137
26577
28501
1865
30434
5674
23956
14623
27639
4376
7044
17398
4393
29165
20245
4607
11383
25168
17443
30378
25150
1137
25457
24945
19980
32181
17895
31695
31018
28744
214
32617
7114
25731
15480
6599
8699
28099
18720
26153
29739
16042
29079
22895
28453
28808
28573
22018
19898
18124
24398
28740
12399
3281
1344
15024
19857
12148
24169
5635
10651
9846
11961
15323
20709
27771
21377
26776
17225
25444
32347
20883
2297
10328
20237
1139
1004
14161
7680
18700
27583
6872
1630
32212
1063
4436
3119
1359
7573
13041
29143
18934
24431
20368
23986
18151
25683
23901
16233
17242
8368
3920
28689
28988
24753
12153
22750
8608
28464
21722
20153
5905
25298
28229
5872
14773
1125
4740
2626
20640
204
29238
2736
7414
10583
31859
7006
22980
13698
29098
30558
575
25901
31731
27680
7873
20999
29352
27316
4103
6161
2849
17523
27173
4979
16955
22394
15642
4545
23246
7338
5570
4583
12702
18597
15092
12909
12387
8545
32333
19296
9601
24948
17585
20284
3716
21701
4371
32686
8964
7110
23330
14505
9517
4721
22644
26048
4965
16618
13754
2660
22324
18056
15053
12824
3840
15630
21485
25232
8672
10374
25301
25504
1706
30893
4936
26860
32625
3885
29217
22707
2696
26926
30530
21876
6290
30062
16925
16711
11599
29615
13885
638
19179
11019
32095
32141
8450
30515
3301
4431
10410
30003
19909
13279
896
21065
30116
746
14266
6356
25168
5322
25365
25937
26974
30447
23435
23023
21568
609
13818
30503
29034
1486
10543
6992
8320
16292
31675
10854
11436
27034
20751
5176
18306
15700
21495
11955
26338
244
23507
771
10430
18056
11150
32422
30519
17813
31933
22408
23928
10791
3447
10328
25008
14365
28403
8736
8431
2303
31156
25101
26384
14360
15763
22529
23459
31336
4620
31606
13572
16568
5628
21836
29988
27195
3283
20388
12865
26478
18927
26637
489
22221
4207
14218
1887
26571
4067
27605
25746
28004
10284
27910
2578
16886
21989
11857
20662
29450
10675
30276
10369
30635
31608
32373
8077
19288
28776
24
28320
1244
12177
29034
23140
15471
21420
21240
3783
30525
28963
12586
27068
7370
16724
7257
15356
21880
32628
30370
32607
24129
8219
28470
4387
8001
24363
2202
15048
20969
30022
14777
15969
21430
14969
25256
29538
30707
23127
21156
20166
16372
26587
31018
24761
13888
13792
4552
24858
29319
8186
24445
20454
2270
31537
10153
22834
23954
6314
12824
5146
5504
12197
8447
17631
28337
4330
20631
4931
17110
27658
1145
26876
30244
17628
13666
12541
26909
16847
11908
11720
17531
19692
23566
24190
25797
9470
1378
10544
6703
26953
855
9988
20014
8503
26945
3509
31667
11699
28862
1292
6162
16415
11589
21756
8205
29245
12145
25897
2729
26677
28281
22131
4474
1912
27564
16135
10592
3420
23461
4081
4243
621
26856
13699
26145
18836
28611
22540
26251
19172
23049
16345
2860
7118
15720
24922
1320
19879
20048
29577
17594
27374
29704
14229
23457
3595
12777
24271
11348
29184
4949
17761
18819
1415
10398
5650
23346
13568
1403
29660
14279
5296
7699
3672
9059
3554
10651
25117
28393
19398
17245
19027
27861
15480
22716
1570
247
22897
4957
7021
3205
19574
17520
9585
12675
17558
3856
31
18476
6247
22174
8229
11735
29575
1120
10621
1578
29695
15316
2648
17569
1174
31057
333
3693
13266
6249
7432
11612
15662
16071
32359
26971
13011
16113
4304
20202
25547
10288
26026
12610
30526
29427
23426
17401
7405
23961
5082
31360
7044
30029
27859
11381
868
32329
9777
21137
20289
30456
27610
9228
16876
31566
4683
22796
27798
14955
22089
21907
19172
30549
2649
9462
15623
30867
14641
10274
28953
25181
19983
16054
28310
18124
4597
25414
28964
22643
20818
3003
21588
15059
1465
19773
28953
24154
22119
15097
11251
13027
6610
549
29232
29067
12743
28572
29093
18869
2528
15182
2528
12084
23592
29671
24322
2730
25439
8849
31755
19672
28654
7866
8438
8144
9890
13577
15481
24235
11812
23762
28494
7495
31681
1999
13421
24159
14830
29941
27364
23412
24656
10514
13828
22538
23273
17058
15140
1683
3121
26471
14810
12698
28390
8189
31727
7511
9382
17654
655
8310
32495
28829
1487
11473
3851
32401
2133
22282
5476
21638
25961
5539
30938
14838
22023
22117
28913
23986
5820
20248
30121
10327
9612
4578
32397
22150
23268
1918
28472
32247
18429
20180
25573
27168
2091
22352
23433
32574
28310
28219
1026
28969
16406
25640
28552
12558
4265
23790
7454
16497
22047
8967
2380
10529
11591
27071
17417
22863
23979
31945
16757
24300
24466
29350
32644
22376
22528
8598
27647
25426
25180
13881
10918
4721
8057
12952
1414
91
826
10787
11452
24682
27332
13917
3936
21788
15341
23007
19477
10042
5605
29053
30040
5629
22305
948
544
25319
28180
14426
16765
17318
19093
26395
4549
16918
5323
16465
8395
9842
20714
596
19267
14284
14880
531
3516
2276
24420
1098
18042
21581
26582
9444
12781
6003
13254
8920
3639
20725
7405
19160
8296
29093
22616
29816
13017
9855
5717
19122
14539
8298
12636
20505
3582
5284
18674
6194
3355
16456
20887
10930
28737
14168
3420
8628
27416
19432
7110
17346
17234
13071
31502
26901
2272
20275
29323
16354
19202
30538
26306
14947
13112
16419
13085
6128
8798
3810
27384
18275
7671
7007
6587
2849
9347
4715
27133
16805
24125
7799
11002
1972
222
20717
32662
21048
17835
12808
32284
7583
11095
13038
3788
17174
3938
27079
15087
14153
20650
6815
30327
2218
27833
4256
10244
1273
8381
1148
14842
21238
25846
28452
8347
17797
11730
10816
798
18227
10747
32183
12861
24260
21287
28298
26574
10217
1417
9210
18782
1854
14766
2115
17359
3416
10127
9496
20811
5663
25531
14229
4392
18780
1460
24424
16592
17756
11699
8405
10811
8057
27711
4210
13305
3902
31581
27297
31519
20679
14145
16775
23870
2705
12150
20642
5456
9873
17463
16937
24576
30328
11961
18716
11286
23730
29797
13199
16664
5008
71
20944
10062
12574
14084
13452
27601
14664
4543
2201
16144
20080
24821
15499
29363
12814
9647
161
15601
13358
2082
7106
21038
23740
19299
30270
23354
2987
16203
8113
15645
28407
15694
17507
18595
8245
30504
4700
26293
3136
20803
29739
10459
21373
15343
28884
5886
2351
27680
3411
22761
17828
5310
12591
20244
18711
4845
27290
22033
10292
29431
13290
16502
8894
6523
7258
4702
26252
21076
11720
10745
8504
19245
3185
26846
4513
14241
13852
27235
13502
4568
26608
25517
13030
17369
12094
6701
23112
14027
11594
16002
26635
15635
2805
26844
28152
30247
20095
29851
13370
20743
18629
26038
853
19163
28681
25214
22999
13280
152
32440
18272
10533
7668
2850
27158
27311
19132
26366
10267
4486
17910
17066
14626
22917
18221
20281
11776
31275
813
30415
5885
15943
14721
20249
9806
15502
24435
9016
13647
24191
30011
14929
26898
4610
32647
22378
7164
24494
29438
10437
24900
19240
30295
23363
10855
31093
18860
13973
22178
7235
15863
29430
26486
4730
7883
13214
25653
1838
1887
20145
2945
11896
7286
28941
12084
25228
21192
24953
13298
14415
28468
2034
6305
12170
22835
11433
31741
20995
5045
23771
16694
31658
1747
28796
31864
29911
30638
7280
9389
359
4126
20148
22719
22185
30319
11694
532
7585
7641
24323
4681
1472
30342
20543
2427
15236
28663
32042
27776
12509
11398
30325
32634
23653
12579
25985
20206
5210
31654
26192
5546
24673
28100
19603
22604
15921
30875
9707
6635
21756
11755
3018
15505
19568
1376
666
6326
28995
27848
15510
31306
17706
13126
26495
14105
7053
16071
23113
30683
27970
22875
32738
21123
8835
2967
19118
2460
8750
31482
4246
25235
20131
9097
14952
20403
5352
4816
11682
2715
28342
13345
28203
29012
1794
32533
16664
3174
26305
31877
14558
25602
6599
14951
20393
22062
9977
30856
13412
29973
27383
3125
10629
12311
26427
20099
30079
15655
18409
13348
726
25998
4879
10826
23929
21982
6323
8149
775
5559
982
11937
11794
5043
2241
23909
3206
30782
15889
21977
13425
26175
25804
20864
9991
22150
27188
16906
15346
1567
17719
26511
14226
1667
1335
24844
435
6162
5892
11272
24876
10333
32366
6040
18715
11722
27025
26341
31019
8511
24640
10579
23665
19154
19131
16380
25111
1829
6777
12816
18124
26394
25422
25424
193
14220
1316
20072
14897
5594
25868
25548
25930
15854
25680
14089
11997
888
14409
8235
8753
23182
16306
1376
8180
17709
27937
1638
25677
24284
17342
21820
12748
11956
5761
9023
16659
28037
15577
1976
11172
14724
4361
10834
10660
23224
2599
3049
13753
28160
24028
25526
13664
12655
21735
16868
9801
15235
247
16399
14393
6582
4323
26981
14684
2700
15668
9042
17849
1952
1774
14488
4653
3069
19596
17708
12833
8341
11791
8889
15682
6749
17115
30737
31116
8263
24466
31375
12675
23616
1843
20377
26082
1803
20273
31386
3908
21083
674
24629
15022
11170
11478
13612
2485
20105
27445
13144
26554
4916
19213
15766
22414
24782
21245
21689
680
29928
13646
8979
7323
17714
31213
26057
20345
16152
3060
32540
23465
25249
5838
23139
28448
14952
8749
6883
2829
14582
7630
29630
8456
23229
13890
2975
5414
4393
7314
9122
10573
23597
5490
5642
8763
28261
29050
9845
22280
4592
5351
26645
5335
26488
8734
29409
24251
8768
25758
1034
5815
9360
26362
23625
10460
22147
6503
3534
30352
16023
13799
13999
10299
7728
4744
20153
17671
22591
30182
8268
13660
12908
23186
22867
25360
572
25702
28910
6600
19284
9056
5940
24754
11998
9580
20526
2105
16570
20854
23103
13003
12759
24092
16224
20357
4073
27574
31493
22632
24566
12963
6378
14538
21433
24379
30087
8770
25955
23958
16449
27132
19144
24503
11443
10479
2711
1077
20555
7597
22274
24167
27284
11471
19760
22025
14589
31814
2357
21925
19426
25369
12827
7240
28140
19024
4706
26652
24674
12861
17569
10969
9535
5818
19518
7059
17690
7716
28130
23216
3112
24740
1523
28763
30138
18629
8779
23706
30283
819
5318
7390
12242
24210
23388
4499
32309
9845
18513
11601
4257
417
1229
22866
9274
31122
1175
27668
5936
17738
5035
9215
11101
30285
1080
20771
27768
9557
7854
30356
18387
20693
31115
21271
12256
3295
5167
5114
2202
8904
30634
23230
15074
7838
12703
12343
27633
17973
29265
3687
26169
25294
3979
32672
10739
12057
2174
15601
29802
24926
17948
6885
25544
15208
24192
435
8855
32235
18199
3100
32487
23623
19284
6412
25551
23974
18003
30769
11782
16672
18313
19211
19336
11407
10455
32617
31917
12963
8297
756
24436
27287
25669
1051
5062
32114
27193
16930
25797
9124
7524
20271
31327
4250
20124
3406
27840
19713
31325
7562
537
30635
22588
31007
24447
28711
28608
19454
8462
3001
16488
2040
13081
12941
13874
32196
6981
27148
26121
8293
6828
12988
12319
12451
10535
32353
18345
6178
3903
23899
28799
14946
17376
29262
22243
5265
27179
26673
5014
3597
1151
25990
26985
25985
25308
20260
13786
12966
18827
30317
21676
10619
27432
9164
25333
14124
2072
6949
19687
20256
5467
986
8465
4570
3453
28295
3686
24655
31562
5263
11638
22609
13598
28251
22851
18502
10286
17009
20182
30175
7434
16125
4585
11136
1512
3022
32721
14560
19545
8678
17278
27586
11222
10843
10937
13508
32127
18286
11644
12679
14189
3964
2403
14236
5135
13640
28188
3165
26975
745
32372
6540
4654
5281
1032
22802
28150
22585
4469
14948
1478
1251
8246
32059
20262
21586
8502
9254
4505
28794
11039
25016
29966
5026
25026
7675
12991
27676
9265
13693
11166
30416
27599
17228
6395
10559
8173
7919
12719
15859
15664
10827
27427
13789
32625
544
25692
10092
29561
3951
18816
22637
21028
3569
22235
4453
25513
23497
7180
3310
32426
30439
29279
22433
18536
9869
29033
28621
3694
4315
7065
25206
31539
12943
14128
2207
23755
2810
6980
28854
5162
7050
17526
31647
28991
17580
6598
2976
5091
31770
19137
9964
595
9807
29317
15095
8989
6289
4738
13662
28163
12259
1969
28108
32759
28044
26011
4153
18220
12995
3888
3318
5717
26844
15606
6605
14229
8337
24530
20681
3875
2254
13121
27248
18440
21404
3180
813
10524
30020
852
7771
15966
16051
28031
31219
23628
27739
27351
8963
3001
9196
13533
15715
22813
23233
10081
12671
16033
32428
5825
13510
10404
12015
13442
27313
4193
811
32329
24201
10595
2790
18113
21106
31383
23846
19402
18626
18368
10919
14380
19088
8572
3171
20023
20531
13542
310
25817
8301
30071
28935
9628
4439
5602
23434
7853
18022
15268
32322
24425
18572
1351
10071
7699
30041
20765
16565
3948
17883
7901
24206
29838
23095
17417
5649
30108
25381
22373
15892
12179
25730
13593
29334
18570
23189
8258
28932
5740
6637
22999
24065
10166
16340
28470
15802
4667
2540
18827
8275
13943
26357
2509
10272
8480
8034
12143
32657
22900
8987
31090
15660
14296
17693
3552
17157
31290
21045
11939
26333
14006
10702
13897
20197
4345
16429
32453
20715
27872
3980
6948
31895
17925
26512
10195
10762
1522
3813
7526
13667
19131
8355
29130
2503
12788
19906
28579
4364
19290
8872
8623
7798
13699
28638
20727
9820
25574
10866
3839
1804
6525
6153
17822
22004
7388
13964
605
31494
12781
19026
18642
22996
1390
22592
28333
8559
5393
24159
25353
22515
24454
16929
15144
26202
15219
16904
8506
21714
4305
4559
19870
20851
4367
25943
30676
26964
26134
7010
18402
4391
24424
1665
17339
1270
22850
3797
25221
28740
30990
19305
29901
21148
28842
11786
12696
19554
24057
18407
11413
10788
21570
20010
3573
9357
5108
15220
12434
30951
7898
22880
32698
2793
14912
13541
11060
19635
29208
18573
12230
13708
25142
18100
22406
4782
300
24546
16237
18772
28922
12045
15294
23530
991
29886
10626
10028
8533
28453
2708
15170
18160
22003
32317
3773
5085
13633
27161
19880
17802
23766
15331
14810
24023
7316
1201
18661
19052
3097
27194
16888
20618
28701
28435
29411
5337
15008
16602
5261
3401
6740
7097
28811
2415
11453
7820
23445
16253
1214
31003
10969
29580
3286
6260
5348
96
5838
26585
27170
12183
29781
379
5366
28631
332
8396
31859
8698
20147
1410
20910
25436
19878
25846
28753
13497
31688
12127
22380
7839
26601
28970
22556
24579
90
12437
11302
30013
1558
10576
30063
10431
2690
6587
4155
7682
14170
14348
31755
8024
2822
16081
6535
11785
30434
7667
7638
3041
21724
1685
5711
3213
25017
15911
22980
27524
7868
19595
17379
18091
14803
25168
20221
387
14768
32658
30967
20496
22875
32322
19229
6659
30804
16554
15574
27323
10601
7943
17697
4300
6419
16455
21390
27339
20424
4520
21216
28975
18058
32566
16683
11633
30352
32560
31841
21305
27866
29768
2161
2909
771
2222
26691
20842
29767
21942
31417
5374
18113
27502
18385
22083
5627
5541
28956
27159
26574
9081
26698
3942
30497
17815
25935
20540
26388
4900
1031
30780
26060
10428
27898
5102
27086
25752
11578
1557
27395
23706
13944
4747
22589
4525
9000
29630
1039
3100
10515
11880
21599
10575
26150
11222
11869
23342
31517
17444
31351
7703
11051
26624
9705
12078
17057
16080
15433
3562
4188
1861
1314
6989
31037
31683
23072
30043
16508
9539
26296
29097
23028
18805
25927
27756
2257
23178
11922
4046
17429
4233
6966
4945
27280
1257
10465
22564
26520
7067
7673
517
22502
26168
14401
30432
25168
8924
6898
32431
31414
18684
22840
28808
8242
31797
9926
12572
28928
21866
2344
6426
25383
12521
24538
2116
15128
26005
10793
7003
14702
4223
14862
24795
20276
6801
10901
14533
19981
20382
27671
22001
15651
29600
1846
25587
24088
3135
15508
15438
11379
30374
9680
21520
29334
13880
5510
12729
22916
20549
32407
24269
19419
1512
28852
3212
29075
26725
2655
31212
11564
32397
29605
13692
5176
18900
4124
11130
14593
416
19596
279
17810
25572
23226
9971
3535
1059
17266
19136
25360
23907
31345
31951
5788
2270
28308
30699
5559
23984
12425
15738
4612
4187
28540
3762
9804
25000
5521
26432
31147
29114
18582
12544
556
28159
14477
2515
201
14224
16150
25309
9090
20992
18917
20824
27353
16079
22639
23394
11383
20712
14340
20354
19341
19758
16222
17214
22091
20422
18681
21642
2047
23248
9039
22315
27446
10543
5975
27355
5812
11822
13157
22196
5840
29322
22770
1460
30555
10194
16773
22204
19950
25527
14853
22036
8018
11238
9549
7526
26691
6097
10091
13532
32405
8645
17602
30905
28792
6830
10761
2163
30224
22186
18874
19666
27171
13304
17458
19423
25720
26078
28236
19082
2269
8861
26929
1609
30516
16036
20210
22785
14068
29664
21861
2800
14905
10326
31779
25407
21865
3429
11910
12734
26139
27754
10312
5441
8323
3999
20686
22567
5453
17945
30202
23009
5026
20930
14370
10003
9930
14149
16766
20402
23313
12652
13747
22128
608
28159
10157
5676
26178
24552
5372
12202
659
26774
29942
7116
11586
19241
19675
29798
9483
22720
16681
31735
12856
11902
25453
1828
27102
28636
26019
20007
1977
7054
21779
25531
12071
32276
27095
7823
26587
26466
19141
6068
3570
28994
17529
8832
9517
16230
12852
29041
919
31127
11365
16033
2177
29716
27283
6685
24544
31963
23631
14041
8988
27479
21380
7435
15933
30431
8458
29203
9718
9394
28459
23528
23883
26354
23135
28815
9547
11885
28666
2445
2671
28834
31183
19154
30842
4929
18074
13002
12168
22421
30888
14572
14296
20779
30752
6936
4770
20837
1002
32766
6720
16458
23551
24658
8021
2800
3865
6018
19406
13399
13016
27367
30233
3561
24387
22890
10415
23863
15005
2881
30606
2303
17251
14910
422
22917
14044
26646
9577
7271
30419
27760
23278
16190
401
9226
2879
22937
1753
20158
27535
16776
12719
14416
21356
4002
27455
18939
19168
27148
26969
17837
11191
24549
13780
18137
23199
14574
29659
4115
9273
7991
3482
10885
7865
1128
29017
15377
8034
30528
31561
25983
20114
6695
1074
23482
12147
30903
21787
10566
15226
31225
27064
11432
19085
23679
3103
21098
5915
14666
21108
22338
24168
13441
24477
26060
16288
23826
23890
9789
20687
28490
9889
15108
19199
11112
24059
23496
25836
23048
29062
21604
27282
18686
2439
4503
28730
18515
13775
11539
11118
7375
23428
5052
5153
21166
6982
16407
7989
8417
31697
18745
23871
14215
4669
14697
15073
9098
10281
19499
21034
15376
21718
11292
1314
759
3783
2426
28577
27698
23067
32526
14217
14993
594
26912
8853
5614
31038
14659
14063
14368
9085
18579
2270
9808
23942
31009
18397
21107
19018
4237
2208
21100
10806
29434
16482
25284
7590
4091
9901
5127
28161
29043
18995
7348
26198
13256
20358
4739
1578
30242
14740
28918
767
30151
10496
3399
8470
18744
20956
22074
18651
16227
18063
11026
14279
18046
18446
1497
22028
21009
31318
22062
21280
24398
22393
13022
24022
17445
26473
697
6616
24627
6447
25928
26490
15652
6939
9736
8081
20305
8667
20017
10594
3138
29511
25050
28876
8054
28679
32479
14070
22366
27225
14791
5218
13089
24259
4150
19334
12010
1519
10159
18243
30109
8766
5476
26004
30623
13032
2417
22901
17944
19877
2983
15937
21118
32038
1382
503
8876
11246
24405
15227
11458
27742
21107
13889
884
12993
20670
24838
2371
23831
21518
22246
28369
15682
17402
5009
12832
4308
25630
23550
25433
20130
22325
19075
23849
11771
24932
14024
399
14196
29069
15675
30279
27111
27888
2529
19980
20187
30189
19116
21204
18470
18776
5384
32381
22942
10742
31773
13440
7640
10648
6397
31771
6763
30843
31300
11476
13424
25942
19145
4659
4997
32723
14249
11643
20001
10330
21920
26038
6377
30629
8414
32334
16898
6169
2757
2848
4170
2922
2753
23534
30267
2846
6408
27750
30614
22164
8728
17758
26190
30220
11621
12963
6917
15040
26313
7549
2512
11447
30705
29940
27760
285
13627
25024
2811
276
8960
12013
11470
27324
13929
3433
4546
2542
10251
17127
15118
24859
15567
10349
21102
921
22568
6207
12988
29918
13773
12385
26026
14740
18958
7916
5084
32029
10068
24709
690
27795
27659
31056
6495
755
2590
21145
31409
15964
10948
3783
24155
9101
29398
15084
12375
3580
12615
19111
4212
14303
15256
8614
9209
28602
14441
2666
31324
15555
29596
16540
28181
17505
20712
12764
17333
1574
5201
15924
16615
22823
720
19940
2822
27155
1823
20087
31079
11292
32200
24377
9186
11435
23507
3397
8295
10306
21159
10968
2589
13737
5950
23845
28441
23642
17790
22357
25486
24256
6965
15937
20002
8691
25331
20252
29106
18458
11932
12531
22376
31298
14193
27209
16288
30264
15379
32750
20430
3067
7161
5575
27093
2605
29161
1199
11395
17673
25227
9034
25193
14380
31849
3477
10258
14813
29248
22832
12540
26307
12413
30884
24283
22808
27325
10778
10504
31118
9013
27522
16608
15612
24477
24185
31005
15083
31081
9511
29080
16613
22306
4530
29441
3713
9589
25981
2846
5968
13124
27550
28142
19453
8740
15764
29861
20364
2346
5946
16079
28159
495
30820
10022
2482
29370
30042
7480
4384
12094
22239
580
13132
27311
28246
16449
4123
32751
30660
18890
25187
5813
4703
19816
32180
21973
15031
11230
3911
6371
15840
26772
4223
17477
21197
7213
21959
31853
26302
28243
25241
5824
873
10914
22486
20550
14097
13593
11870
19851
23463
18531
23560
5438
31327
8637
31776
29491
12847
30953
16861
22324
19731
13321
9081
11261
26294
3228
25690
30784
9113
5352
14567
1275
21794
16400
21758
31663
23554
10925
24018
5392
18028
5898
9790
24984
9299
30955
32322
26350
32514
19418
9444
2792
32636
12206
3851
809
28546
30666
3860
1158
31075
28749
22336
393
17256
15837
22253
17607
30673
19060
22718
9213
9025
26441
10697
15765
26293
12311
9573
30389
25570
25634
21794
15596
10365
3325
21442
22671
29150
2679
4769
30172
22171
31990
7832
25249
24480
27948
18877
22259
31952
25976
25065
19127
29046
9421
30197
26466
24392
320
32243
16282
10
405
28239
914
18886
7847
10496
4398
12175
29150
2791
19611
29384
6339
30830
21473
11770
16444
9133
17651
10244
7938
24158
4470
16580
4791
14164
105
22003
15319
14979
32348
21153
1348
15207
19635
3962
10233
17357
19698
21686
25965
21567
11300
2039
142
32680
4188
30548
13519
11870
22497
11398
28773
7542
1596
28135
21656
21607
2145
32663
20325
27012
24555
22484
3581
5858
23421
17481
17862
11947
1484
13066
31475
29080
16340
9371
8146
10190
16570
7615
8149
25988
15221
14592
378
24273
6
3490
3542
12335
14419
21563
21733
32546
7360
14048
3057
3192
9780
19564
22199
17172
6167
9563
27862
7709
4422
29001
16628
29590
18601
18178
11652
18047
10595
1413
14453
9712
27717
28134
11266
2948
17647
10962
24296
13673
19569
12142
18657
31851
10760
24861
2440
21576
20186
26458
7900
945
23035
32256
4855
12005
9199
25325
21321
22518
23753
12501
18330
172
6968
25083
4795
6122
5950
23666
30266
28569
4206
24257
23476
5775
1912
1448
26444
23496
23863
12769
19337
4264
16800
5389
9564
30094
23288
20239
1422
8355
5823
7877
28564
11937
7201
25266
26691
25224
29712
20889
20230
411
10836
12981
9965
23727
237
32692
16845
18302
10797
16858
4904
18203
6743
7752
9107
21769
14258
15586
27990
28493
14217
29820
22904
30038
11330
26207
8985
32149
3644
29633
8359
15222
7185
13402
22731
30988
11713
31420
11650
13444
32376
495
9314
3655
3389
6328
2551
24577
23
2985
16515
24920
11938
20684
20801
15472
13929
22709
6679
26891
9114
11113
1139
11225
20728
10956
6473
5816
10642
874
29513
1890
9705
19482
19603
12622
30000
1223
360
17003
32638
6618
2478
12847
29988
21568
4631
24956
14897
435
13249
28665
17825
6198
1464
3448
21560
26492
12771
3659
13204
22561
18158
1285
18361
13830
25539
6108
3193
14297
7307
16135
19800
24513
25765
21374
21664
1548
31332
30372
6985
11892
11511
28501
1830
20632
11778
11147
2970
6884
3122
29254
15608
709
11617
13422
15362
13496
29940
20254
27484
15113
6742
17970
13184
14260
24972
27053
4609
11118
5336
9848
2103
23701
16734
18192
30516
28537
18491
28017
21264
17423
15610
14644
9335
17937
13340
972
7241
27245
24172
26140
18604
14941
12579
16135
31489
4537
1393
8192
21524
30799
10114
26768
6740
32543
31492
29082
17853
18208
22744
31765
25161
19191
26080
17663
17510
6520
21856
25158
26415
21347
30550
9535
1922
14608
14350
29041
25996
24076
14717
6325
32763
26801
8545
1904
27693
12835
28723
18947
19030
16902
5510
16168
5695
17625
28854
20314
18060
7928
10410
6688
8456
5545
25255
6276
7003
17432
5394
20678
39
4786
22558
3028
15820
2742
26542
3115
30876
8338
16296
12317
15086
13576
3775
10684
7506
20782
16590
23503
839
17409
22850
11231
20938
25893
21125
11441
4937
11457
14064
30492
4402
15382
13118
25561
9227
17885
19033
21425
25719
15363
19434
841
26192
19091
3429
15819
31818
18066
7429
30323
16376
8617
27156
29546
3604
31446
920
11608
7096
9489
15302
22649
7579
7313
22487
551
7207
27770
16693
4644
25256
28318
27989
20418
6330
27101
2876
5735
11426
22575
2367
6977
21437
20054
29751
296
24811
16888
297
20846
23741
12801
5909
9358
11812
3161
1361
199
16613
10291
21143
27381
13992
20782
10243
12375
26181
21637
3992
28567
840
32452
8255
22895
12487
27339
2746
21517
1289
1181
639
14966
4340
10677
26615
10438
9922
1101
9477
16010
20409
25522
1738
8143
2292
25854
3439
23387
3295
1848
32300
15916
31893
20179
31812
16094
12074
615
675
28929
19375
20117
26355
2088
19154
10935
10210
7720
2323
7364
2542
9486
32579
29960
9866
20459
5542
1036
30878
13248
30988
6642
21045
20315
28366
15625
12222
517
27149
10663
14424
13446
22768
25970
6932
10224
6243
26198
5231
29787
27231
19155
26784
7192
24180
13192
22967
19717
19611
11046
856
4159
21874
29727
16917
13290
5713
23518
1397
14137
22999
115
13010
12907
246
3722
16555
16810
575
17821
21439
611
18664
18308
7375
13229
4009
27410
9741
24470
2702
11680
24343
29329
3478
24271
19892
27644
26884
31651
29525
10154
32626
19316
9559
27117
14432
11714
5620
23184
21534
5790
22102
2664
12704
12133
23008
27720
8594
4198
13332
24853
16872
8753
31678
9341
1651
29604
11646
20965
16601
15284
1147
1921
9799
28087
27225
26750
13883
17742
15844
30915
16940
14862
23581
22603
4297
8927
26160
9778
14743
4497
4381
15117
32729
15894
29873
19500
19093
23757
25722
28600
16666
27027
30967
10565
31514
29115
26609
16074
24198
10084
26849
1261
7909
25398
18786
17721
3513
21259
32257
13214
14763
21144
28311
10271
4506
14553
21095
15562
32312
3613
9354
15051
15857
26799
7855
7717
30924
21475
4507
19915
12658
3900
15971
10596
20473
12897
15975
28860
