267
12682
6579
20149
1141
16534
13668
23977
22036
1583
12598
26554
12493
31588
11021
4200
15501
8169
10446
1092
5462
4945
5843
19866
25206
15367
3812
2722
20548
14936
22092
9248
7162
7461
16740
10126
6645
22083
30809
28600
3950
18458
22350
1262
1571
7815
29209
8982
6934
18544
6677
20658
20423
5833
7913
14910
4890
2590
23555
17567
13705
32251
16517
2644
11950
28623
8339
5239
12925
4392
29870
30933
27611
14192
3371
29290
1318
14250
7761
28274
2836
26523
29698
6083
12991
16188
28499
17051
12219
5447
30969
1180
14051
25965
12841
12876
580
29910
16507
13180
5925
25503
29979
24726
26390
29430
21804
24266
4315
1260
21959
5739
31242
5251
20021
2767
8254
7040
20884
19398
11468
20871
31412
10227
28751
25193
10790
16201
14151
1303
1587
11448
21210
29614
21839
21609
32346
12389
21108
9286
6062
30493
12778
25243
27961
603
3986
9621
4521
26390
30505
15434
27224
2158
11646
18355
15693
21858
10757
31498
24358
10709
16547
23704
16925
18429
7657
32655
6022
26147
22099
7836
17628
12488
11563
12601
5076
31159
19873
674
22984
998
25876
4622
24816
45
31352
28051
25546
26241
970
433
17444
24193
29423
27872
8390
10422
19060
26278
13999
32228
1022
30005
20597
524
30584
7834
10220
7106
1140
32087
30574
22848
16072
1645
27827
15798
30308
25073
2176
30966
1955
10129
1631
30463
5375
32084
19667
1363
29175
9101
20874
15480
14603
21340
20042
26746
24216
2493
23437
5045
11301
17325
3668
4431
18854
21432
26080
30294
18592
5975
20293
19159
28128
1319
28756
10983
11264
2095
18586
4505
26396
28579
2489
26886
10722
22218
8276
18605
27927
6358
15873
25041
7649
28092
32672
9118
5734
23016
26872
20811
3480
25044
733
8997
25677
29307
4029
25710
28470
25305
14150
18947
29516
1211
13702
5180
2992
13353
5836
7441
5903
12648
10617
14093
25744
16208
7323
12590
10196
19793
4617
4126
29451
20613
31873
11098
11134
3673
31231
1688
17555
2354
1642
30252
16886
26548
32197
30948
21598
16850
8021
5809
1935
1143
7446
14732
25714
18564
10758
8698
25529
8221
2963
16847
26307
323
15684
20081
28611
11275
5467
21110
29796
18787
2302
6033
423
25082
19958
7402
16308
20268
40
11704
10365
15217
18807
711
7249
15940
7165
29252
5268
6383
4284
21652
16907
30365
19824
21104
11864
25233
538
28859
199
21257
4776
21799
8166
190
1645
12436
22094
4533
28958
2498
15079
16413
633
7815
26150
20164
6855
19362
21199
32520
29200
4832
12835
25521
30530
26796
9190
4766
24868
3225
30551
22242
22422
5960
18392
3362
21080
6827
91
4649
8567
7735
386
10925
31605
5523
28259
22040
30834
19053
4720
11449
1088
7525
7476
14195
15209
5643
6725
9807
7907
25205
30596
15780
14742
31200
21228
13426
24172
27114
7774
15207
19484
77
556
7471
12979
27369
4926
13595
3613
23603
16053
4588
15222
6322
21016
10305
14901
31175
15215
19113
32202
23916
21280
13728
30
1103
28443
11938
9909
30561
3903
30454
5372
17547
18876
23819
2821
4885
9690
28874
1246
23241
24890
19653
11572
13615
10538
27540
25295
10103
8450
15755
23020
24765
23444
20477
3524
19564
3283
19169
14164
12400
27310
29534
6396
10770
2709
166
1642
29804
28444
13751
13146
9016
23369
21100
31242
13090
23165
2524
7349
4479
30176
3474
8093
18420
19740
30088
9960
25974
29284
12417
26932
7276
13763
27248
23471
27672
11248
12954
640
7168
17649
17835
11102
5238
12311
10487
20222
25362
28805
10655
8084
7683
18233
1194
11799
5881
27179
25946
16125
15056
10146
7589
2221
29556
9844
15190
31235
25792
16792
25818
11210
20520
11701
3979
21086
27570
32290
5777
19022
22047
8857
4863
7604
16777
6348
23197
3705
25785
11995
11132
17588
1834
28107
4501
18278
27495
12451
30437
5037
15959
20876
26509
27522
19467
3408
7560
1586
30421
16779
32071
5903
4441
20338
24419
10777
2369
23318
15735
2027
28226
12902
7794
28801
6710
27672
3603
28595
21985
17792
15438
5111
17011
24193
1572
27701
20663
29764
18183
3879
6122
11404
1627
13035
2408
32099
16161
29554
21593
13809
1571
14888
1916
29867
28552
18432
28207
16072
26643
11016
27861
16761
14895
7530
18408
5768
18939
4901
17193
5029
5303
10982
9852
11713
23767
29514
15483
28250
30932
9924
18538
18171
29502
6821
16201
189
9387
32403
15030
20130
31467
18730
15759
5064
8678
13538
9758
7733
15248
9140
20928
7557
21970
17550
18138
580
29209
4203
25065
596
3127
23923
18458
16637
20346
23455
19838
14299
2554
26544
21623
7696
25067
24047
5760
6004
31921
8561
4305
13122
10776
23174
7785
18936
28762
9976
27481
18575
24724
13716
17994
5837
12146
14472
20872
18992
28885
19700
6147
6160
19448
23212
2980
2670
17810
4966
31036
13330
3112
30129
11371
28746
23131
21930
20964
32765
5755
16097
23953
2635
29910
10939
2565
12079
883
32146
7343
30940
23382
32666
20535
25587
20647
21517
15354
23914
18860
15866
6865
7852
5002
4516
21007
22482
21652
31183
19757
29896
12779
6513
24583
24445
4273
4082
14568
22115
14914
30090
25544
29060
31387
8121
26713
18121
18323
27904
16112
31885
7901
2843
18199
11277
11545
10804
13252
22165
18408
10549
2866
1534
25511
12925
1866
11600
26824
9750
27912
20857
10288
26070
3494
32748
14947
28318
22533
32354
24915
18681
2131
20844
15342
3766
6931
16511
30181
24356
31089
9456
21067
4205
5688
14032
22037
6428
14911
20746
19654
32345
24975
24851
24718
23688
2763
17925
22532
11004
24099
27939
6608
1882
31267
11738
9847
27021
23887
9481
22473
20764
21950
12157
19344
21668
30251
20269
10847
9098
26839
7442
29263
27428
16429
31505
26557
1159
17151
4295
5843
4067
11399
15797
13175
14337
18908
25331
28064
2623
19928
31441
2972
25948
12983
8936
32600
11876
1832
26083
16047
24874
13396
19579
20581
263
9010
29099
11829
16838
30789
5664
2799
19708
27777
2121
23177
26853
18246
9781
1480
7706
6827
1843
16373
22891
20236
4600
15970
15207
19002
5466
21329
17582
7394
21069
18167
29282
20864
8093
20312
21257
24965
22279
22240
23929
18267
17706
6451
6460
26489
22427
6919
26736
5847
19942
12646
29521
24389
5982
21317
20707
16645
11553
854
3047
8833
10480
6155
10129
6200
1230
2448
26619
16133
18785
25939
19940
12495
32105
27289
7350
27435
26372
19086
7292
20261
28881
16730
19758
26612
9686
4139
14760
3076
29921
26062
5038
8267
26829
12513
8847
3886
28762
29729
7217
21356
29253
21670
21297
5394
9340
27661
22416
18218
30334
5819
8603
24646
32058
14796
25506
30110
29459
25092
30032
579
13227
4127
31680
21251
14815
19219
17467
27579
9649
1331
7312
11687
16382
23687
2106
1931
598
8133
4609
6401
28381
28283
20412
3107
7801
19828
3509
26
16731
25345
158
21492
4779
955
5201
12865
14883
32222
11850
26663
22312
5101
22603
8728
2349
32192
25425
9023
26374
4524
18174
19989
21509
14329
30359
26346
13077
30644
8227
18211
22988
13009
6639
30608
2503
28884
24257
19702
2486
21155
5391
12280
5245
22459
24773
7455
20909
9703
13576
945
1191
12151
32270
3048
5008
17591
954
16434
432
27561
11164
28440
18198
15456
2299
25445
9424
16430
19002
24583
4488
4449
12695
11741
21414
30908
21828
23113
6677
12722
7258
10733
6505
7201
19568
12074
7130
19664
3998
12945
21852
8817
4892
1278
2773
15171
1014
28766
1369
18282
20574
18909
27546
13268
3137
6864
20824
9479
16064
7892
138
30197
23062
31108
29684
17818
19738
24797
32399
20841
16716
21218
265
19980
6789
22611
25912
11369
13358
29011
21876
25505
1303
13714
10339
8691
28771
25488
19806
17965
20639
19292
2801
12642
20219
11958
4581
659
26481
12783
27088
17657
12234
6666
2898
11511
5514
93
22635
120
25941
16775
15023
5973
13356
17635
4767
15798
13486
16353
30791
6201
27779
2089
30227
3198
27657
23685
27599
31864
19249
31157
31207
614
23943
9056
28893
16723
9755
24109
1848
20388
5874
5994
13508
4484
20927
24263
951
25532
17401
23200
11439
32371
1497
19048
14519
13249
32115
31784
5517
14495
16812
13069
16538
24918
5089
20248
29751
15759
25008
2614
30232
29843
29767
1039
5871
27574
32171
14406
32147
29413
11841
18350
15765
15203
24578
14319
16045
11523
14083
10383
1151
13227
18175
16438
6515
32614
25505
11335
11011
12260
26234
15787
22210
29373
15457
1939
572
9634
26157
3964
21930
8336
24231
12416
1106
22319
27076
18489
8346
10096
19035
13559
20754
6341
18001
5984
22062
7350
27414
13586
18378
23910
12304
7397
3183
31417
3975
14174
878
7343
10012
26965
11201
6979
8148
6312
7377
16429
26110
9795
21957
21865
28997
11180
1332
2878
12681
2382
29799
18390
5645
5970
4625
3815
23341
10662
28907
13925
23331
30703
26628
32638
7733
2367
23088
1365
32391
15491
24099
26212
28507
23515
11277
15960
31714
28811
32511
2939
13541
13867
24949
12653
14956
4328
12507
1069
13689
24877
28323
9120
16559
10948
7228
10274
31834
2253
18546
10691
3460
23861
9283
17008
4745
14968
20812
10194
177
19298
29331
8335
7923
8114
22537
16678
27440
3818
9543
12761
31732
30291
17314
15528
8515
12711
20638
21230
31078
25016
27486
17000
5394
28766
11818
26094
22234
1252
20322
32041
16922
28860
11700
10478
21410
13854
13820
26174
27771
28275
7283
5481
26043
23741
23982
9513
15461
211
20467
20849
21226
26015
7321
26190
18067
19784
9971
10758
18421
27687
20083
22163
11181
31701
15942
16571
10920
10802
23462
3858
14107
22609
6395
2863
1929
14688
27607
6092
12164
8897
2880
19311
30680
12127
12835
4946
21298
11209
29743
30017
18738
8580
6631
26163
26302
24571
31675
26090
4240
18159
5075
26572
20980
179
9114
24108
9863
13633
3450
6246
10801
19716
15199
23394
23450
24739
16944
11456
11024
11543
29582
17067
12356
23034
31695
6560
7896
4838
4044
19362
1975
900
1820
11559
994
2845
8863
29542
679
20646
9470
2792
3396
16355
12837
30148
22393
19891
6609
16131
20116
14597
4093
31318
9824
69
30676
18329
23245
5661
3417
19210
10040
21669
311
28041
19500
22431
6107
2559
27542
4663
30803
1448
9113
986
24546
23348
29995
26738
538
5777
12781
16951
7871
711
28395
10019
29740
3821
20981
857
998
18496
5600
13324
26822
17125
25130
18192
3996
4712
9905
762
2816
11567
2456
13472
27604
12158
17689
21289
2906
32272
25776
32279
22461
26313
12539
4195
31713
3527
4770
11647
12343
1907
28343
25273
28458
20884
13180
8061
8049
11764
7806
7787
7392
2105
30714
32504
16189
10680
19748
15151
28828
12774
30416
31151
5274
32358
17929
18984
25660
3240
18959
19714
29936
20035
10063
9083
31889
4857
1358
12656
13910
27085
13450
21370
30568
25779
28257
17642
29612
3964
8642
3560
32187
29456
27074
12410
25715
28094
14312
24044
22543
28783
1209
26676
19929
6537
14414
15117
4067
8752
24819
24532
28116
6878
30955
2898
29151
1774
27134
30856
459
7376
3261
9308
20367
3081
31948
29952
18079
5071
17271
32034
8608
23719
23109
16031
4235
319
6062
4310
7497
27440
3576
4886
3322
18663
3103
9132
25097
19021
28309
3009
28107
30234
27896
202
14510
29849
30630
28374
15534
31451
6290
5420
29136
11987
26584
4973
15582
6438
20249
12124
32579
23106
16062
3575
17347
19257
13011
13582
23437
17483
25483
30531
18081
14927
8429
3652
544
3252
26196
30234
18908
15827
7658
15421
6840
20063
7624
2828
31455
2366
10788
23628
7074
16581
17895
13903
132
19403
29773
26890
14368
24127
12517
25260
283
1821
27078
18158
22484
13086
7267
6281
7017
20268
14994
27614
5891
20806
4231
12708
24284
29835
9441
27836
25829
24399
30678
7284
30693
14467
2817
22829
21498
24986
20141
13671
3592
12440
12759
10387
15609
7255
23668
18870
7155
26055
23270
16885
1370
19461
7653
6961
10609
30178
25354
16171
259
677
2184
32609
3677
4386
980
15452
11079
2856
11552
18348
29274
29899
31483
17078
1917
31697
16063
32439
749
2826
18572
1627
5523
5771
25738
10488
10001
6507
17910
23937
4449
22965
20303
28189
4738
9133
31591
26363
30551
1420
14665
3339
12467
22595
16413
7184
442
7259
990
11332
6112
20038
15324
9476
14960
26159
25888
23999
19409
24615
915
17116
14865
10308
16352
19617
3182
5179
21744
32726
18878
26883
26189
2618
13141
20578
19091
5024
20685
28635
13858
19205
7979
12604
10783
4604
3488
31375
21729
30474
1439
24536
11011
4782
14429
5717
13629
6059
223
3284
29211
5484
8159
11832
6963
30646
6812
15048
16896
31220
9798
15980
3513
11281
695
22417
9495
27371
25668
8504
19896
28562
6624
28981
23827
12462
22769
24774
13049
20955
29766
16049
7223
26642
3264
841
12281
5994
26769
20896
5908
28447
20857
7021
8142
8227
29233
14726
614
13884
10743
5340
26348
11227
4043
4894
9898
10584
29433
19705
28187
10863
8733
27663
10364
9658
28849
11499
15186
31982
4065
31707
1950
12121
26020
12473
18771
9266
6768
12383
32708
13572
32571
19528
15033
29134
2243
5756
11317
22507
29457
18679
25654
29184
31563
7718
15613
20308
21183
16025
12429
15101
11611
3644
498
12436
27656
16078
22137
839
32301
18038
342
4129
1715
826
31346
15437
27554
9254
19110
15410
4443
8223
4875
30395
19237
21523
29953
27050
8273
28555
21143
13956
9553
24735
9394
31220
3740
12397
8294
25816
14599
883
27360
25937
3904
26877
8615
14503
32347
13557
1523
10455
22212
5547
1247
10559
31678
26779
17129
15562
12954
27591
10116
15396
21234
10180
30400
19064
3141
10358
24391
4612
20479
32359
6214
10799
25122
1352
26728
13313
12332
9715
17978
22394
12632
21556
18230
16429
14243
22755
24844
30042
7454
23160
10182
7478
11098
24948
14831
29823
2959
17653
4936
14328
14788
3890
17360
30653
14383
14051
11181
10682
8586
8368
5638
23107
27805
26343
10493
18450
1337
20442
209
21570
9457
30815
15322
26885
1845
26709
25682
17973
27159
5870
27683
15864
1723
19708
17488
2698
16966
8888
7134
31067
519
28478
10820
15736
32621
4615
6539
13442
25522
17574
17003
22258
2174
31853
1036
4429
4235
6632
26739
19734
20371
3260
6651
20332
2606
22414
31913
20712
27576
4972
22061
22511
30916
16437
21239
3928
785
24247
6713
17580
2715
10512
5804
19211
234
2431
15696
21835
26474
31241
15735
3329
32662
28297
32370
4695
14327
7604
17962
8647
653
23902
30920
21863
13974
9011
9819
5041
30162
25978
8247
7889
21508
30757
6703
15118
23659
7228
28219
23540
28524
2681
10708
18734
15126
19878
24183
27111
25483
11971
20421
19210
23494
22368
26072
32338
29172
5496
15648
3516
3224
26557
27263
15432
23994
32653
27657
16329
6749
1643
23233
15295
17235
8989
19495
1597
17570
31280
19708
7064
22648
25391
20966
30865
11302
29124
3877
30661
18878
26868
11452
15640
18222
4610
9756
10787
4120
3957
5886
31408
3973
12160
928
7862
28405
23829
19629
27197
9970
32742
11113
13035
14293
18324
9401
23758
32026
200
19197
3785
15140
18964
5058
28180
4759
14888
26166
17034
15898
28705
3894
16065
7097
24273
11956
2540
15914
24359
26523
25623
3563
2528
14363
16127
15133
9061
20380
6784
13098
8263
4009
3050
29366
12180
5666
5960
13671
19588
2919
24496
10625
13117
12750
21076
3204
22952
3450
133
15337
15160
7738
29119
10809
160
5130
28552
26688
9672
26730
5595
15095
22879
24562
5520
16905
32336
26152
16092
8269
12062
28233
6170
1883
10441
15122
28588
32420
1028
28551
32755
20236
15387
1168
4962
31318
4972
4053
7464
24844
30076
16789
23193
8895
23903
20673
208
1976
16372
13732
1360
11608
2939
14253
4551
13951
1488
15785
5835
18412
31866
23002
19857
17565
22040
11678
4869
20789
20640
10180
24256
22617
1122
23454
6537
2133
12881
2524
8725
14312
7511
7866
28892
4412
18299
13460
10608
18183
21864
26202
29608
19391
21198
23362
32761
2438
1043
18962
26624
30660
32219
25324
17598
10875
16238
30057
546
440
21759
14362
29824
10950
9364
4368
8915
17606
28664
15245
25238
9941
13747
6233
30914
5727
9925
24349
28959
7190
2772
31106
9859
27422
3316
919
25007
4942
14197
13609
12937
31115
6986
28002
16177
11386
32033
21230
18688
25275
12745
30504
6297
4206
18286
15636
15521
17033
20522
21734
11454
20218
12791
85
30743
7990
17585
15029
13693
32482
403
4205
16708
9884
31688
28483
3509
9185
19420
1229
12277
9904
30004
11684
17814
13274
5954
32379
15342
26588
25056
28398
2969
4464
29864
29974
21748
16674
4263
2582
3773
13396
2306
10205
22483
5889
10585
32763
21008
31148
9311
6809
17713
28
6313
3685
5224
12014
18662
6464
17104
2045
25691
25395
22606
12169
16938
2877
9895
28805
27228
21743
8340
12554
14104
1054
10861
14323
27973
17981
23499
12337
13570
5684
10605
12602
9818
302
24783
22197
19311
7858
27390
20040
7778
22387
25137
12576
4109
25800
12870
5733
5142
5774
22080
15144
19745
6718
11535
10160
20581
330
27159
955
4055
8630
8002
10300
25618
12740
6983
10370
27925
24755
20810
18502
20856
12245
21696
20620
6445
6970
17294
16994
16511
20520
13385
13258
28175
30610
30578
10104
11227
15182
10485
20479
3181
7387
9500
10166
11183
15481
26287
21730
2310
4774
10834
6360
26844
32337
16330
4152
26952
30100
15359
20220
27674
9456
11150
28790
13076
26546
27637
27283
8780
25157
30850
12648
24242
25497
16610
25774
5101
25379
10149
9670
21848
16301
20921
27111
15509
25466
8768
12119
17016
29016
2890
12177
15126
8781
19927
32008
6757
26496
21608
18486
29870
8258
12207
13035
17761
355
13779
11289
9785
30193
1528
31131
10612
25221
32032
25558
13259
18004
9023
23193
4362
30559
7546
17172
13802
16667
26949
10641
10457
21620
2611
419
9844
32097
20175
16025
32614
17100
25143
8474
11040
32004
22726
23777
28945
18798
8136
20920
467
26166
21537
3203
30336
18726
30523
6373
3038
27524
8909
28574
24366
20782
14941
31924
20782
11486
2244
3553
31012
24820
21970
20232
2479
9911
13755
4203
21502
13562
4935
28958
18239
29214
6376
5922
5221
13586
15373
3232
10483
21065
16056
9383
27902
15720
28238
12047
9515
24083
19726
488
13668
23248
27515
20459
22990
3702
12152
2007
7806
24675
13856
21272
24047
23535
24716
9611
6407
19422
5420
30960
7625
540
26875
18079
15082
17677
26362
19945
295
29249
3299
17352
30378
7009
1669
13711
9676
5901
3950
25421
13403
5160
1120
26934
31505
30796
23439
28741
8367
28786
1482
788
7465
19696
32192
12160
20843
5120
15123
4108
22192
28056
15385
23524
12825
17499
24156
1375
9652
15039
14551
1533
11893
11925
19191
10185
7457
26691
21464
10181
29657
32705
4003
6697
14419
2880
32347
15811
31709
19187
13945
11332
21616
894
20470
23952
3898
3004
21470
97
21649
4558
25320
4535
16273
26628
7951
9114
25613
2496
5912
26017
4134
19743
148
32055
18117
21292
25676
17770
20538
8034
8500
30068
3582
9626
12580
14622
17249
20311
12828
8425
21612
19332
11883
10505
12992
8552
5208
3192
5965
23930
11380
31427
1455
31348
27959
15426
1514
31748
32356
4583
3394
12650
31140
10853
26054
5498
5359
25362
15136
12644
7510
27307
9887
30856
133
30626
26724
1565
15266
23075
31544
30114
28259
9288
10619
6270
23000
32327
18173
10381
26129
27191
12853
13688
4709
24491
20072
23907
6857
10931
8581
27035
18016
5756
5492
21000
24545
19366
768
6671
10290
20365
18166
29053
24632
10450
23488
7105
23278
16817
9973
673
30443
6362
23832
25594
8312
19013
31666
30588
10601
7043
18295
20793
5810
32534
2694
5186
17578
5660
5426
14715
21072
9730
20351
12102
44
26674
12843
4906
4619
16933
9006
27007
25531
7505
3008
6338
13457
15319
1681
16046
30747
21276
26396
18024
16198
15912
29071
24894
6475
9725
15807
16613
3117
30517
28382
12945
21536
1592
14787
5592
5798
11013
3752
1736
1478
26906
1087
13314
23353
4744
20624
9735
13922
30898
29036
3460
32228
17964
28239
4032
27582
24503
14922
11534
24891
8525
5868
27243
17067
18304
6694
31972
6825
17213
20648
10885
16
14506
25637
4465
25807
28103
1629
27427
10171
852
27458
1665
20256
30480
7074
15525
12219
31277
23795
27975
27895
15798
20215
1682
78
18098
7545
2391
17277
7691
32034
21427
6057
24313
16013
17940
5111
32198
24215
19091
21135
15822
23726
17380
16584
17163
30310
26719
26003
3758
16099
668
2236
29765
30529
17555
1024
28736
15653
12457
5037
4009
1996
6114
18825
20073
12399
1294
11468
15489
772
31027
14831
28940
27642
32614
783
28205
8113
8734
10548
24127
19520
13177
3758
18223
25859
26126
6440
9124
26824
19002
6667
11697
25715
6602
15405
20938
8203
22054
4342
10565
17203
27728
16554
18342
29525
1127
27981
25619
32499
6086
21504
6164
18703
27275
21352
23762
8770
7741
13105
25050
4924
27510
7375
29538
30310
12370
24414
21442
7808
10714
29598
18157
6741
23392
19476
21235
18045
15905
31012
7344
31778
2351
11993
15868
29337
5899
1666
719
2996
30952
14953
23151
4537
3690
7719
8095
2383
18097
28926
7813
29934
1410
7256
10988
16166
27832
8014
5890
15805
22656
29380
1875
28205
30777
25361
23302
728
19038
1266
26135
1910
9455
28070
4433
24054
178
11413
29200
27242
16531
14435
25081
31099
30292
2104
28483
16421
10469
7390
32709
17094
7846
32390
1132
24639
2324
18760
6144
9424
27693
14895
10097
13992
12415
14413
19574
7665
14484
7143
28485
21343
29371
28977
10457
38
30995
25084
2804
25044
31009
8456
24776
32211
16444
18746
20648
31085
15011
11361
30881
9625
3194
4704
25103
29730
4045
7809
3896
327
11206
29776
12891
19341
28633
16281
18187
978
7586
30812
17056
32176
4270
24518
19648
32611
1113
4925
26822
13972
4433
24877
30835
5863
31121
17683
29115
30824
15730
9450
8197
3756
6536
15662
15448
32109
6694
7306
2941
22024
15402
21383
4442
8833
14854
22204
19789
5380
26989
28826
3914
27787
10776
23467
12051
13162
27769
19128
5927
15647
11681
30511
13292
19889
16315
12775
4780
11747
26015
28951
22925
11160
14237
13357
7299
12545
16449
14975
6480
11399
17678
112
28202
12113
11057
26604
31082
5368
2596
19985
14675
14159
31588
2248
11792
16263
3143
4536
2212
17451
27825
9436
911
19769
25176
5013
4313
1124
21551
17089
6156
1812
25115
28447
27281
23836
8911
3035
29524
20031
10486
5655
28118
22472
1480
20313
31552
21888
25439
12184
26112
16291
16438
6937
13736
21756
18535
11321
15144
3008
11739
31295
23819
24695
10507
22273
11887
14433
20932
16107
29084
28150
6572
9074
13639
29407
2771
32393
13560
9808
9250
19196
30914
8244
27486
21736
23384
15176
12683
9257
4771
4104
9383
31469
10602
15788
28912
2850
16772
16834
31186
17203
30017
11457
27211
28079
9066
11675
18734
12592
6825
3144
20404
977
21029
10565
6417
2979
18851
27449
11503
1064
20869
25576
17898
27255
18101
32598
12559
30939
32537
5622
22800
18323
26666
27418
24437
10378
11788
22761
28007
13998
1154
2725
8143
11488
29854
16315
2735
27698
2388
3422
23557
32285
21876
21237
13384
15381
4964
13424
22053
11131
23141
12934
12191
5922
12578
9598
26201
20916
32045
27939
25165
11384
19553
8775
19443
10671
17899
11492
25522
11097
334
26817
17129
10340
9889
22662
24756
15048
13708
26739
1364
32136
31832
16101
7328
3959
19474
25087
13832
7278
6970
4745
19491
11108
9813
4694
15078
23529
18852
5481
10147
32208
20310
5643
15032
22441
12198
28946
20426
29886
11696
22976
18092
8732
28898
26791
11273
17872
19431
7178
534
16969
21065
15250
32285
4078
23695
4997
29852
4280
19055
16668
12569
13002
27674
17844
16999
6309
11322
23910
9311
32590
31844
18311
21086
19466
13260
9578
26076
28220
3132
16063
32650
18434
12257
17352
14008
28237
29940
13591
28037
30985
2454
20315
24540
22388
20057
8591
28252
2244
2024
18396
25349
26382
23436
20685
25831
19580
5909
20928
4574
23722
17525
30390
25713
19678
697
24148
30910
26906
22916
5039
24799
5536
18037
23961
26889
24538
12597
29744
30571
6090
16447
14862
32350
31749
345
23783
18632
27872
15625
3226
31706
31869
28724
780
17979
22414
10567
13722
16710
2672
30762
10673
3801
7131
9219
23288
23528
923
4122
3758
7968
19312
5024
22222
23097
8101
19007
604
29726
24613
8476
14756
6941
29472
724
18224
17624
29086
31287
11275
12716
11869
21423
23193
27063
591
7063
7021
27783
19269
16632
4544
5431
13598
12430
26674
15980
12336
31977
21745
15449
10211
6327
12967
9875
7858
20558
12358
10020
4347
17752
17656
14075
18985
16661
27774
30925
1711
6984
17987
26556
30674
21811
2634
989
19602
1558
31207
14177
2651
31619
287
22930
561
2217
32269
589
1021
18216
8048
516
16713
16072
1146
884
28218
1270
13955
28725
31619
5048
15441
12470
18876
12376
17103
16789
22970
19036
9003
6009
31222
3363
12446
19302
16448
117
1000
30237
19344
11402
25854
31605
18309
10356
4972
15799
24306
18177
5749
18408
25406
28249
17834
16124
21062
30065
30868
827
1474
29024
13390
21197
18609
19743
18906
12923
8831
28298
13672
18886
27036
14648
25782
10229
14921
12208
3114
26436
30522
228
12841
25756
23514
7554
19189
22782
2607
2349
27108
22273
22626
23796
19863
7885
16322
27023
32628
24013
12491
1280
7395
4057
24456
22487
21873
21223
22088
31698
7531
25157
11824
19940
15712
4014
10477
1958
29141
30537
27106
15645
32611
27233
11431
15761
2479
10583
31260
22435
13666
21929
22290
16847
7662
2786
6167
31747
21195
27758
16613
25867
1624
19813
17334
11484
21841
16264
5343
13907
2864
1496
18410
30924
31312
9713
14018
11849
28340
17327
3417
32327
24780
31929
13416
20883
30849
13894
4654
14903
9458
29325
22848
25411
24235
2870
18919
12477
17475
24211
28305
10681
6484
3251
2292
2624
1931
29254
19757
11123
13571
879
7299
4107
12506
28937
12579
22200
9693
3682
17018
30204
25618
19097
1829
23850
644
4017
3036
18407
11830
15656
19683
32389
30805
16680
460
1156
11150
27907
28810
22794
23344
17675
23616
17399
3632
32037
10439
11135
2560
4297
14229
3662
14956
5722
12763
13549
28643
7931
13192
17890
7747
21173
26734
4484
14751
18529
6703
21557
5182
26772
19559
21408
4120
10505
27948
29567
9224
13143
13918
31126
19955
28793
533
19803
4859
1969
6562
20223
9336
16557
3838
21307
32161
4868
8833
25142
11457
476
8836
23855
18159
5475
20625
514
17849
24867
19439
27157
28798
29901
22951
18546
5657
32559
16841
9563
7441
28310
16086
19477
32338
19362
25672
11829
10948
20355
7965
27337
9472
28606
28157
22289
12482
32591
20208
28128
5882
12201
12439
27652
31048
13786
23121
28463
7969
1673
17649
27688
30813
32611
1046
30494
16948
14832
20217
16177
30631
4084
26442
13396
22790
7362
3192
4250
4097
16718
29695
1544
21779
13084
20923
4952
11947
32482
11551
16947
10834
3605
12668
2494
25109
21190
23355
21346
8017
14093
7225
24256
7854
15674
27249
1514
23997
8095
11061
17773
14226
24625
16940
6070
674
10455
8782
8969
24726
11777
24913
2923
15455
28807
14141
1918
25697
14394
7250
11395
24471
6369
11206
3537
26809
29364
21199
14852
20993
3347
8893
17953
26471
5632
17521
16798
29807
2272
25174
9955
25086
28594
14780
24680
24003
22780
31873
23791
4826
27384
22784
10717
29576
19661
20640
11387
2427
21726
18184
21559
31104
8959
26318
5522
29666
18938
5735
26542
9995
8455
7817
20256
18031
28505
28106
20257
22461
18404
32213
23571
4674
6165
17380
4029
27807
1433
785
11071
5083
15474
14511
20584
16168
11880
31684
25007
12402
15439
9207
29463
20849
1489
2694
20925
10573
2265
15254
1255
21029
2425
24031
2559
3961
3235
20351
31118
27122
31488
30089
12732
22523
23387
22989
22158
28147
17182
2613
9485
31798
21128
8646
6550
16722
12133
10820
22266
21805
8733
3039
4599
11905
18971
30437
12519
3958
15731
27977
6594
10945
9095
3668
2347
19003
3528
12015
12352
27953
21554
25592
13537
4434
5661
9670
13094
31695
16006
9195
21799
19505
2972
13568
28938
8465
27282
1693
4342
3454
3872
10547
21943
17057
28637
2498
1716
5878
3835
3340
5216
428
7068
18772
20257
12303
13036
23069
4453
23540
15654
18450
26084
25319
6121
25945
27277
31468
7489
240
29968
9756
2155
30370
2098
32219
6892
31267
9404
4038
4819
21727
20396
26791
31099
28911
23621
8414
21499
8792
6875
2205
4789
27709
8529
6257
8542
4228
1027
18254
4304
9823
32609
28569
4710
27697
20623
25401
29156
24251
29845
14476
12822
7851
10130
5119
8693
24638
4219
25931
8904
31149
6752
14943
15953
18352
27808
15646
31907
27454
8194
7600
12984
3312
28614
27419
22739
18786
18344
11394
24274
20878
16528
19867
17434
14787
23442
31979
31816
4010
1020
10454
32547
24315
11437
15394
19506
15981
16951
16763
16899
10577
26937
3465
4196
11673
14295
6986
28215
20692
14917
20029
25738
21535
10860
9944
18793
4870
31863
27019
14042
21017
16899
10910
7347
20527
25264
22585
32564
32371
22182
23157
9430
29509
8447
13453
16383
4442
5443
18751
14096
1492
25836
11606
5568
27830
12658
1712
23521
10265
31844
10762
23709
15478
15186
15721
7694
17216
20130
29304
2135
16241
31729
31290
1831
21740
3431
13211
12078
6426
19282
28655
19931
16544
22082
17239
11452
14744
25325
12629
24982
12548
3184
12693
29510
30341
6993
13132
18053
31259
4400
20769
6376
4836
18494
25563
309
14852
7409
30052
14051
24605
3459
10982
6201
4719
21441
19850
1166
23003
16434
26431
655
19902
23325
13609
8866
22506
8091
29627
25996
7420
27544
1755
2166
15110
30528
3179
20047
4340
31613
4178
1142
30504
13255
31434
18861
6443
8079
2695
29408
4512
12687
18969
19534
486
24615
13103
27510
16363
10061
31168
31152
21470
11109
14334
25187
29465
12066
18772
18855
18495
9610
4539
6873
27274
20319
22115
32546
2815
6071
6397
3469
384
3622
3748
13509
14047
13317
30468
4994
2246
25603
10877
6471
31990
28261
22187
18351
921
1644
16865
7422
23776
29535
17159
1506
30097
8919
748
32687
10789
19751
20491
29503
26565
8216
1101
9199
11053
6600
6724
20134
6628
8042
28423
24622
22984
19503
12202
26000
5073
6009
26968
11996
27404
22656
25658
5812
10010
31514
7361
24671
2320
25554
26037
16519
16549
19676
6832
6995
13167
23355
16761
5086
20725
12642
2001
15861
15881
16501
8537
4171
8732
22919
9570
26481
30301
17048
5005
24071
17053
26168
7689
13075
12564
18171
32118
5815
26557
14054
31573
3513
30765
7727
7354
26604
20483
9039
4923
32751
18715
5884
863
16151
255
1082
6448
9340
30891
21543
31097
31380
960
7157
28095
20225
9936
20595
11265
3833
29207
17494
9130
31571
24521
6293
12847
23562
25758
23382
5025
23707
28874
17267
2073
8308
18563
11461
2000
5591
28881
31780
22323
28059
10142
13476
10439
14397
11708
10964
24701
31964
21676
23227
20725
220
15871
3007
5429
1594
26169
12373
14381
11214
6493
6415
20098
12402
14624
9075
18795
17240
2646
29692
21770
27658
14885
17125
15043
26575
32135
21447
22798
12166
2383
29548
2467
17000
17851
7473
2113
32413
17531
31521
4508
21320
20561
14693
32494
6388
25229
2334
19364
11128
31231
4931
370
29554
15850
29108
14397
29169
21734
2316
19125
22751
11714
19089
28149
11185
2310
202
21278
21866
27260
17138
24169
13507
8243
10988
13979
12983
9375
4939
29774
13729
27020
1231
7672
26890
31670
10182
27731
17844
20164
7690
16877
21429
10130
19300
19867
9711
18908
15321
24796
18175
26563
1287
23374
28706
22466
17547
18431
24125
14416
15639
12853
5023
28812
29956
5242
3726
29463
21927
28544
1574
4669
1542
16941
14210
3289
12180
16685
2461
2290
12836
20645
12162
14039
4563
5735
18846
5060
2564
5833
3926
17318
30020
26786
4732
26504
30708
24841
18543
27991
4099
26189
8355
17436
7083
60
23224
10198
1420
3238
22651
9805
16731
27788
5284
2549
15286
23600
1855
7089
26845
11846
23943
6061
9177
10481
24593
27605
9457
13659
32501
18548
18673
23188
21748
17294
23488
16053
18916
31799
2988
10821
22934
21876
19042
6912
27914
18539
32287
6891
11182
2640
1234
8136
4416
2782
26359
1779
7970
18543
14067
6402
24316
23539
13876
16100
2319
18116
8665
10334
9110
7549
7854
126
16332
20974
16155
14134
14629
19592
18213
13130
22989
11377
4150
1860
5761
13327
781
13258
4934
7916
26043
6142
17135
5540
17823
21798
10931
1069
19476
538
31535
1021
2749
10244
2405
24291
27039
20166
8922
8379
9495
4542
31792
32385
32137
16247
24317
2112
16501
10642
26362
15674
6933
30165
10077
32643
24688
12536
17900
3570
15032
11646
6728
11808
6251
19412
28497
32135
18913
9106
22173
4895
10169
31052
19885
8020
20799
24024
18774
18215
28437
31260
25020
18465
9674
3137
27797
30437
10175
9772
23250
29840
26172
28843
3322
10172
25591
20316
15277
17439
26088
5099
16877
26544
30328
23223
13891
9970
7108
5342
957
29712
77
11167
11481
20367
22580
6800
4741
18403
31653
25233
29702
28427
30782
11499
29861
23677
11375
17780
6556
24376
20252
29542
2065
30238
24437
6367
8225
17024
5054
5799
17349
4714
6843
29679
31183
22206
30636
4609
739
6900
31231
7397
25054
10627
1885
19881
28961
11943
13850
29973
8845
20259
7171
29512
4418
16572
31620
14302
4242
22709
32691
30160
31805
6713
18685
481
24946
31747
11294
8556
26035
9368
31286
7790
16787
22832
6285
1500
20662
17111
6473
25588
29579
10565
32174
15877
32512
22802
14640
24105
11085
6647
25519
16543
17388
30304
32562
22128
25608
18899
3700
21890
31234
30546
27941
1754
21887
16607
16405
5257
10526
4874
1522
21096
4764
23941
3999
9145
6849
1203
5740
605
1645
21444
5076
29662
3691
13048
29163
9682
11878
14862
10908
5748
19732
8451
25745
8405
14298
10743
30688
13780
22545
14300
19531
19052
7074
27048
2392
21152
13920
11030
6727
7933
19173
3870
7679
32046
6319
18207
5247
22632
16846
16951
59
23915
21016
1298
19359
20354
18433
18636
28617
6639
31417
7043
21143
21998
8434
9068
18953
1752
16099
26658
15228
26111
7664
12749
22295
18814
5443
956
26277
15369
7194
8755
2094
26910
1868
32419
243
25013
10788
25469
16927
19881
21903
14754
10092
23377
28849
12389
27171
5477
32579
3946
22465
7264
25185
23886
23851
13059
29905
20541
29785
2171
16102
20565
16648
2938
29098
27984
31276
15465
22391
9141
6866
14113
17383
5316
9675
26163
22147
29328
23227
4574
20597
22055
21334
20687
7315
26903
489
9229
5794
17994
20584
31617
32352
915
7931
4030
8186
3521
15480
14687
25753
18828
5502
1321
29441
28753
24933
7724
5791
20770
25608
7451
10023
7675
11274
3930
13658
4206
4682
16775
3471
29414
14015
22155
21304
24899
17365
7736
9951
28456
21276
9784
26198
10207
5604
18461
3140
7037
14368
15855
9365
21908
11084
28189
20639
13658
16788
21515
20432
21699
2609
14771
6294
25051
4273
22146
7865
9081
25895
21876
28073
29752
4807
22144
29709
4194
3676
6106
24004
30556
23825
12499
8029
32420
9117
26676
3519
31509
3245
7029
9568
32652
28091
12690
19052
4463
19030
2178
14778
8425
13450
2525
9116
5853
15388
15704
7316
7057
29968
5146
10266
15138
32748
15494
17152
22173
14569
6767
1612
10859
22790
6395
23393
22816
30855
31072
168
5628
22459
10186
31299
29291
16517
14453
13710
19191
18257
29296
21624
30120
16240
18195
6025
5084
827
16713
26773
6752
6894
9130
17908
9308
28059
29775
8503
29378
13886
30559
21344
20139
23777
5464
3456
7743
15339
23050
8856
10436
17515
28141
29610
21485
18547
5487
5140
4447
30943
22506
12232
29217
26369
4874
6542
23143
3177
22575
19251
22577
259
15163
19319
29985
4662
24509
1703
18798
10453
2923
17739
18321
28934
28005
31215
27647
16862
27686
18930
11033
22821
25839
18662
30104
19547
29172
22375
16957
27176
16103
5075
13977
15666
31017
16148
18914
7414
8710
32271
621
25511
20048
13789
19787
28944
12071
17713
15969
27445
12462
6718
465
11888
15287
21204
23824
18764
6952
3523
7268
8426
30100
27140
5008
18063
23870
6395
13464
31683
17047
7262
20644
13243
19507
32573
4172
27996
23471
27336
17446
17390
11651
28646
11198
26509
1076
10653
1779
19406
8350
16459
24261
17869
6255
19104
16805
13513
28739
11777
2909
15487
22463
11737
14271
6865
6267
12510
32765
26546
28892
15505
6493
22460
20978
28436
23096
12344
21539
25088
9751
2424
31786
6973
12559
24890
19933
1677
25518
8701
1588
12199
25241
30555
20622
3074
28851
4595
11817
8861
11821
12061
1465
27236
6425
10700
29641
21715
20787
10290
8665
26041
13307
4013
18980
7217
8028
745
11140
23872
5754
22463
19907
32584
2340
20030
14658
16740
239
27015
16006
13402
18499
13890
13527
82
333
30495
32450
15488
20470
31087
30180
10951
5849
732
20140
1801
11989
28974
1238
26080
10848
388
27088
2908
30315
12890
8054
17214
9206
31238
11880
13615
18733
27878
9482
7560
26616
21034
12251
26954
4725
24353
17751
21306
24137
14026
31432
24440
30812
26658
28518
21441
21811
31181
11247
9104
17677
4932
29955
30460
19397
24573
32521
6536
503
13340
19827
10779
7302
6487
24923
10522
31586
2165
2014
13473
26488
1966
169
22106
10550
21421
11372
28983
8870
17288
1809
13501
11925
18335
15541
13457
5514
15395
3187
3646
16771
14378
10780
15318
14915
26794
27026
15013
14606
29013
11081
30084
9871
9656
15938
4309
6547
6929
28786
2912
19651
12034
13276
5877
20291
15990
1953
2794
1241
13062
13590
5756
22215
25989
31869
21169
18512
24405
14815
24588
11130
8438
26538
2913
31562
5974
19866
21709
3148
1275
27588
28768
16615
24366
16784
18894
30471
25505
22255
1369
1321
16176
19604
31153
13120
11916
8888
9420
18872
21438
26552
24799
11958
23906
29302
21744
29153
23188
14598
24645
6676
19882
21713
22790
11057
24243
9971
6168
26563
15505
15743
14627
11715
1709
12194
3740
4969
15484
4881
23311
16048
10779
23823
12800
23442
20962
5385
25897
12979
10783
29506
1601
24372
15146
18159
26324
29203
21249
2541
7507
20771
17613
2903
8623
1635
8644
31797
9636
18698
24179
17850
17775
12721
19457
27315
14603
29991
28079
10493
16171
19183
6491
9801
15101
11627
1019
4036
3927
4066
24036
2787
23056
23174
3853
8393
17941
23028
27336
26978
18651
31509
31207
27510
31530
24450
6563
18519
30432
5036
22661
20672
11976
18480
730
15618
26301
28257
2786
5348
15576
21705
13422
8230
4382
29830
27828
10024
26777
22054
24652
27139
27696
473
3103
17432
11899
5627
17889
30060
31654
26421
26449
15831
14002
26668
27251
18368
24310
29004
26813
18088
31192
19390
31408
7646
5095
21669
32294
17523
5721
2045
32611
12205
9190
3146
16622
19788
30840
15129
20659
10984
8328
21136
12718
31091
357
24299
20946
13349
26080
31534
23750
5962
9646
28784
11248
15092
9863
32201
5829
4530
27574
19825
31351
16688
19128
15784
18846
25879
15122
26057
5367
21661
16924
21784
126
19370
5667
19172
7210
26927
2486
7721
11536
26601
27585
30426
24869
29602
8770
25372
14145
25644
27851
20362
11119
21829
30826
1489
27497
22347
25533
29405
26783
22875
22330
28659
5147
18797
20773
17172
17851
7731
11225
18980
10011
1323
22246
28055
17370
27934
26828
4713
30135
14247
22295
27101
25499
12218
3675
1817
18438
14055
12203
4511
18928
31391
16381
27386
6456
20467
6881
6330
21990
14284
18762
31139
3485
20368
11638
2850
31143
15175
7442
12634
30401
21535
21844
15873
2264
10421
4016
25666
11460
5351
12248
2699
4019
26279
14960
11177
28927
11393
26343
9030
32162
21307
20005
18358
23941
20354
236
32561
8179
3579
22248
31172
25353
24077
2947
31483
15258
9987
24297
26789
5725
22682
16288
30002
24741
20286
14936
16660
26461
13248
5685
10297
5358
27368
32212
1857
22758
21977
203
2675
12915
20394
14120
25087
31734
9342
14925
25588
6241
11987
30750
16800
23556
22522
20247
23544
11376
31726
19093
6627
7032
5027
2659
8832
30711
10846
7006
8226
23484
17611
24751
3099
6180
8597
10569
5107
28309
30976
25060
9387
4710
20016
4042
24917
31588
26613
16626
13056
28077
18909
24227
9576
11906
26155
16323
22747
5319
16634
4230
31101
10895
26638
29752
13152
29026
20766
4303
11938
27904
20208
21222
1460
21307
27359
12364
3527
31107
26866
5422
27250
22293
8909
21159
8523
18815
30501
11922
21045
14031
26061
18836
32031
1371
10645
3322
26842
1900
19929
30308
12016
1421
532
30730
25800
7966
6824
21937
6829
4251
18648
27779
6067
11454
6542
28909
9784
26211
9994
2471
11167
38
12447
22886
28647
13057
6779
16974
18807
12562
19211
873
32377
24947
25892
99
32285
2964
29281
25747
6240
25212
15588
22904
6578
20890
27114
27617
5703
7269
28860
20473
9061
16998
25601
5795
31570
18959
2804
16981
12500
9154
8064
1558
17078
29132
21929
20826
2504
32184
1045
2111
14863
14461
10094
29033
9597
27098
1428
32064
13213
21521
8835
23133
31763
10479
8594
16694
3389
23165
3465
6554
11170
10431
278
2941
25842
17196
15642
26856
22698
1304
5221
10379
28962
28328
30486
24370
25966
16750
18674
19619
26228
4001
25455
24476
6877
5360
14455
32750
16445
4380
4935
28669
27979
16678
29803
10838
22707
30561
4372
11958
26309
10493
3845
5909
14224
1834
18920
23963
5725
21695
26309
25553
7256
26254
9162
12217
20637
9669
30273
17511
20954
19940
1546
8472
20636
5180
18929
11757
26843
7942
28175
21122
4940
783
7832
29623
7405
14619
10249
13119
15742
17423
930
30375
21248
19414
1998
4471
4778
6667
13340
6758
25746
5364
8889
6934
14836
27696
21077
11090
22470
21469
11710
9081
27404
22393
18738
28936
29577
645
27106
21152
6391
27141
8720
21385
14831
14799
28576
6275
11689
20596
4269
21728
13672
18182
10367
6920
32292
23053
3796
100
23846
32497
6472
1209
5102
13686
10089
29286
9986
7339
3810
29526
25943
24639
6456
3800
20977
10190
16255
1371
19948
1915
3153
19012
26256
19218
26464
30456
22484
13916
26689
11880
18928
3568
28684
28241
32524
9877
23800
21607
14960
19787
24734
499
14210
23687
30809
19889
9373
32717
3698
19135
19678
5451
29116
21941
21822
18389
6029
27745
11989
11795
18546
27063
4820
13114
11468
21940
22623
29112
4095
17339
5462
23977
22733
21151
25347
16285
8955
27699
7463
6947
13789
20588
30483
14539
4342
16633
28367
23723
23919
12970
3029
19627
8163
21339
26836
6056
26032
28369
30948
17228
2303
29305
22594
6031
23931
9720
10139
17755
27566
26451
5119
29410
29002
10544
16057
28827
13399
25958
23317
6985
28643
21956
3992
21937
19643
21196
10365
3741
7214
7766
27019
23986
32050
12227
20629
32680
24646
14520
30871
20769
15270
10129
6574
26808
32622
24417
19640
16803
31773
18872
21663
27292
9663
21834
15318
18235
28158
18577
3839
24139
10679
12532
23387
18950
4780
21289
16867
20164
24409
4438
31998
14934
23321
26810
4750
24174
29435
26811
20417
20090
1714
12000
16776
5474
11785
22472
25553
18029
4196
21196
12344
12091
5525
221
7435
10724
14431
10739
16196
30423
4581
12216
31200
2633
7458
29379
2868
6871
14136
17773
13656
11030
29776
32280
30562
26957
11152
26499
24722
1893
8949
18101
9030
26984
22323
20776
29631
5200
22601
23956
28642
20131
20641
25007
12177
2625
27588
2934
30530
5897
25613
23921
16290
5853
20665
13505
30631
29073
25555
25549
9864
6216
19484
29826
13005
18539
31225
20397
17593
32525
16831
26481
12968
3091
20560
23930
14451
20988
19192
24487
11837
11486
5826
27226
21488
26848
29340
16275
14275
21640
3732
1729
8909
887
24788
21962
32698
3307
31271
23793
13743
2791
18712
19213
30880
11391
22622
10235
5173
30019
6655
20065
2560
6889
4942
26969
27603
10073
27005
1590
32717
14136
542
26625
6771
12985
5539
5930
8801
23071
498
26108
16281
11932
25664
5017
14316
7403
16528
20451
22006
159
2600
18227
20395
6937
1845
17200
28254
31661
8192
27631
20204
22188
31894
31102
15007
9059
27517
17007
8193
6953
14964
3466
4671
28270
25181
744
17721
20939
30522
2026
27767
5737
9218
25604
25465
14063
3924
21710
6064
21010
11915
16486
18963
18216
24523
20785
28665
30051
4492
16870
14008
11039
9870
6678
11569
32124
21376
28630
28305
27166
25947
9085
18269
13762
2746
17038
25804
10625
31638
19880
29911
21207
27323
30858
6340
20252
254
24381
28522
24100
18861
12550
9716
32048
9142
15613
10652
1967
28158
31976
32630
25033
586
15265
15129
22015
10921
6043
21862
24887
10279
28810
24030
14937
17885
17779
8358
17841
21615
27246
13944
24964
18267
27657
17828
1495
20747
4370
5631
24154
30191
2346
82
10077
18254
25405
32548
26999
24787
22027
26314
11104
27645
4099
21300
11401
27066
11221
9032
18508
8134
6075
694
22466
15175
18639
20666
18979
22363
8921
25996
7449
22289
17031
3614
15759
9514
9705
28027
22164
19014
15109
17136
27960
24759
12851
18628
18883
18737
7742
22633
274
31037
2989
18908
2709
14238
21090
22677
13758
1327
11224
23264
32515
4102
27986
24345
24988
12160
20958
19704
10385
21608
12623
17978
24488
26522
17178
10291
27986
2005
20471
30121
27114
5561
5639
31479
30261
29356
24068
21201
1666
11129
30552
16465
22545
6857
17378
3813
25208
3709
31656
755
15798
10308
2982
26190
27944
23599
6433
25193
17488
6376
7013
2653
5744
28255
13254
23158
28344
18372
14402
2645
20480
22083
24345
1856
2004
3193
20389
3867
322
7823
30358
23549
1725
20790
22717
22674
19799
12172
1025
5571
16348
7213
15826
19801
7442
10612
10388
18258
15648
19665
18782
13664
12339
8449
14704
16225
8792
6353
12108
1999
24095
15773
7058
10463
16556
3703
21416
9872
9589
15300
32387
22717
13515
2733
11983
31226
23908
13233
28509
20578
11035
27975
18807
13373
2273
7005
5811
23500
23636
30808
16136
19538
7075
21750
22440
9111
16040
27005
21481
24243
15829
8329
20362
2878
15031
25090
17003
3814
20876
4831
14652
11946
5588
11532
26874
9949
11666
26186
7245
26809
9373
7042
13147
3489
25850
29628
11382
17586
28454
14264
14453
1428
2110
4467
9293
5178
12506
26000
18914
3621
252
25156
21101
11340
3553
15817
17184
12834
4848
17358
5661
19241
11178
20451
29102
4646
22758
12404
8060
12444
922
26664
5571
13211
2782
8563
805
21262
30797
6870
29916
26883
15713
26562
12442
25814
8913
143
5449
18841
26214
7927
8790
25424
22163
27556
25785
4857
6648
19351
21765
25333
18255
6831
22212
30765
23757
14525
11015
10006
31516
12180
31929
26226
31196
4562
13860
31210
5048
19293
21818
17857
31038
8745
7996
27932
2818
7082
1676
32379
23960
30754
30358
13539
31386
11816
19522
8503
3294
4090
27070
8088
2501
26264
9284
18429
12370
6900
578
8189
29009
25137
17805
9888
13417
24422
23762
12848
25885
29338
20497
8333
27366
203
29011
31967
31571
24193
29996
6335
4961
8970
239
9048
10078
2095
25040
19885
19661
7060
27223
17716
9420
7919
28562
5678
9936
21901
21625
404
25330
8254
12505
9982
17624
31817
4143
5121
10307
11803
3993
5393
18864
15646
22512
32156
9178
2475
10925
9996
22123
25492
1788
27410
11485
1563
9553
2380
8241
26411
29947
11508
31594
16348
13309
9125
3514
11773
2913
10028
22819
29159
1421
968
10710
17481
13145
27424
20994
32256
10241
16465
21326
2286
18239
4876
22160
23760
21464
27781
24917
18911
30030
8500
7896
18966
30986
27981
17925
994
26855
19036
11287
31931
4618
6494
12334
11728
6135
27446
22339
17608
6451
30842
14166
26857
2708
19502
21325
2656
9062
31917
1101
19549
6304
16824
20781
9294
29583
22778
22767
11593
1985
7412
1005
29985
17070
15329
3055
12116
4056
30602
28307
1782
14128
3865
25860
3223
23982
30041
21916
27137
13096
9042
10051
27303
8758
7793
13255
31120
5262
5297
24904
7143
4998
32269
23882
29659
30425
26471
25399
10014
16368
2954
32389
22254
7779
17490
13482
22341
9112
21460
21849
18958
14305
12949
11390
20490
19174
29689
13879
28128
22387
3656
7293
7674
11611
7662
10025
3135
23566
1349
7948
10954
8799
23361
8963
7091
4224
3561
3646
30474
23860
13506
17542
13350
11655
31687
21545
145
10705
32329
5119
17327
24755
27092
21380
17007
25619
29317
13688
8190
12975
24909
11075
26356
3756
21099
28004
7004
22761
19318
15795
1567
19411
17323
18903
22982
29914
1496
19153
3673
5706
2180
26722
25265
414
22759
21541
3054
20457
26031
20819
12865
15371
14816
16673
7265
13394
16716
22781
27392
22646
8959
18506
6848
16331
19756
12460
6340
3356
27344
28311
28468
6993
14039
17442
23164
20185
7356
17728
6238
15682
31820
6536
12577
10119
31011
14011
16878
21606
13563
366
8257
15305
21498
31767
22190
2699
21148
22797
29026
12061
17208
18700
22025
12636
327
1072
258
3251
10011
32404
1071
12865
14695
19816
95
28293
9103
12113
15575
6499
6631
13273
4567
24237
16369
23612
23871
32357
1132
6703
29511
2456
12475
18025
15210
15277
17488
26365
15550
4820
11005
19166
24934
16030
5320
22367
8684
21171
10552
8834
23450
30759
19291
14496
1769
8685
30040
18012
6894
1965
32476
13756
9443
3388
4145
22487
5627
14154
22771
11754
15908
17401
4181
32149
18420
26082
17437
17702
2012
8719
22548
20126
27875
19587
20787
1139
30818
3870
16589
27196
16092
26205
14420
15432
25244
29593
4194
22323
8899
18213
4288
31667
496
18832
13020
19886
30639
22586
22722
9660
32261
23504
7135
26571
7120
7368
24365
5431
16436
10199
4752
16011
5110
483
15868
23628
20553
16513
26290
28192
12044
7632
28002
1217
18798
4994
5657
9996
25788
6197
29967
18363
15929
31745
5596
30123
18497
31323
15441
27964
28813
4190
10047
7312
30610
13113
2615
16811
14702
23653
6266
30078
1212
31466
21721
11321
20949
2361
25048
25775
10077
15478
31648
29500
761
12018
11895
22957
11137
16517
31778
6661
12245
29842
23713
28139
12392
19275
20070
15466
12525
20077
3751
14136
3079
18219
14787
7134
13397
9517
8496
13393
14170
5927
12418
25595
15357
12893
1124
14761
19750
6720
4685
30486
11580
31138
1071
7976
20025
11842
32588
15804
18180
16784
20667
16827
30084
19126
7295
25678
9453
25073
5194
13468
23018
1866
15016
30822
15284
12455
30332
29473
30958
16606
3654
13572
6198
12177
2736
31426
1331
16631
24979
11377
28817
17503
27938
26807
10741
19283
671
16322
8388
31659
32647
14711
1430
9198
3011
14813
16233
12671
19194
29148
22522
29793
1070
28618
12525
9687
32243
21719
20869
23756
18359
27209
31781
31127
29038
27938
17881
22174
16172
13305
31808
17597
31334
23575
30243
1438
23905
17721
23792
18520
25375
30318
30363
18434
778
23214
6457
30194
23595
1823
646
3013
22473
11313
18942
5727
23875
17927
7068
21493
29980
19784
12697
7883
25835
24618
15729
21458
11176
12162
5109
4819
22597
15943
15104
21444
15326
18101
24624
22676
21964
1264
3201
13633
18556
22084
29291
9153
2247
28018
22712
31370
5430
10044
17276
14887
21266
4414
23412
23460
28833
42
7698
5086
3305
298
11936
819
30501
25356
16298
17801
30759
11325
1516
14535
30801
20596
3688
19873
25238
15745
26758
14409
9424
24383
30321
11534
16797
25307
23962
7077
24791
15983
12411
26643
25057
30987
10669
19587
3143
9634
4053
16820
20796
8536
27610
21495
21860
7988
2996
30347
25536
29467
17389
12289
6872
2370
12423
17991
26427
27330
19038
11715
11660
22944
8475
23143
8295
14038
9293
22238
25069
1424
12023
10720
2996
1545
249
7873
16813
15594
11551
14660
23751
6749
4849
10667
19890
21575
6279
9264
14448
25606
17080
27535
29987
6552
27133
11300
19616
8221
14475
9548
22662
26720
21898
30332
22097
6930
19817
20547
13807
9611
10449
22713
13654
11433
7258
21066
30652
27045
16107
10348
3562
2025
22937
14617
27635
10192
30485
14452
13352
21443
23756
8215
30276
16127
25385
4788
16184
24639
24680
32631
22003
19140
32665
17455
16830
17890
26201
20190
21781
15657
14949
21858
27048
17034
8461
12519
20545
10767
2772
28
5961
11172
3214
24553
15027
19
18252
1417
32309
20926
11520
18029
24891
9945
16999
1927
2684
5261
8029
31237
32539
15
11274
24549
27704
30551
17460
25953
40
21369
22140
14497
16553
29767
10762
14668
28582
9946
13455
20693
31725
28943
23132
16723
31596
3247
27298
18603
31103
31769
1734
17873
4887
3773
16997
13621
1019
19638
10537
16416
26167
5979
31025
6870
10679
5161
18815
7468
28412
30902
24507
17069
1338
17493
10176
32493
26037
4972
29434
945
15641
18893
23181
5926
29070
2149
25990
12556
14601
709
26733
5020
18385
26972
16896
11733
2596
28703
1252
28945
26296
16779
28567
31245
1624
17697
18510
4841
17457
28036
21521
4604
10392
18710
28343
1940
12825
32407
1021
15712
1351
29382
31202
20718
19897
28738
6668
15945
12795
26755
20475
17719
24121
19590
22823
1211
18626
30838
15114
14773
157
26729
19734
4161
14410
13008
1541
11482
8265
5237
24897
30371
12472
20611
16203
25512
7997
16054
19132
30614
9485
20803
20685
17027
24125
16051
21616
23972
30381
27928
9812
2037
19377
29386
866
26300
21852
30636
4201
16098
21979
24258
23259
18783
23576
12857
26794
22858
8635
1428
30628
22110
5385
19315
31013
2400
19202
2964
15298
20609
31095
4157
2337
24403
3344
24161
19089
2448
810
14472
11145
10772
6901
25091
12681
21081
18402
28396
17503
17621
1680
435
6104
10366
13164
25214
9137
17352
3186
30072
30935
12392
12873
31563
31392
29085
5916
12055
1186
6770
16438
4959
22720
16767
19532
21603
4662
23109
4192
8243
13706
3835
10713
23961
22048
29865
7083
23532
20937
32391
24662
17224
6229
2904
20371
24960
28519
4382
30420
9035
6851
3410
18996
5547
581
15554
1985
17632
23180
10012
32099
22596
29307
2470
20853
21934
25450
23265
24902
15652
10107
10130
29411
30415
11002
26961
5869
11177
29963
7196
13825
19226
11703
3090
6949
6081
15155
22010
2629
19411
4061
27987
18282
5820
2830
23774
11561
7501
17835
5186
21448
14702
8775
21695
23147
12151
28900
3693
29844
229
30746
8493
27815
2362
20031
7805
24098
363
4692
7187
1928
17172
8542
14444
16669
10839
31959
30496
2744
16632
14986
1346
11881
32602
22555
22057
12935
32631
4160
22789
15464
29539
13589
14746
3101
28185
638
26745
32105
1044
32355
2221
12307
15823
25568
26529
20471
29925
13641
3206
6622
21853
25509
23848
8783
16619
27413
8707
17676
14647
30150
15197
6631
1559
29140
1909
3593
18287
1379
12101
23007
20350
20586
5696
21530
17964
22623
23630
13906
4269
2017
1154
20832
27043
24870
21677
1259
28430
21596
29159
17344
17340
28684
19274
21915
3333
27888
18682
27675
13652
24722
31189
8029
12982
24986
18350
13623
14238
1030
3601
1694
29094
31254
566
1748
18976
21586
32453
16733
15958
19025
2823
28741
681
20754
7689
11534
9465
21551
32570
23023
30555
13178
29022
7054
3331
8058
28121
10286
27619
14511
17614
28301
11461
32020
26015
29051
25198
2412
31002
24084
12243
26763
10892
22347
4400
13874
15442
10009
4228
23799
11510
22578
21256
4081
4037
31759
20401
28713
21687
9962
30630
10582
27428
31821
15042
20498
12381
3962
7637
27951
9121
24569
7711
9122
1021
32668
19331
26287
9139
3769
15846
4530
21128
20640
29345
9850
14122
11715
18267
32255
3660
27411
20221
31968
14868
9856
7806
24606
18768
23687
3371
20965
16740
20734
14849
19186
26910
23026
25516
27998
4299
3020
17603
14066
5385
28573
8374
11183
32024
17453
25634
8303
7382
21065
12188
18198
31386
28739
20781
11477
2028
3916
31959
15532
15143
5120
4937
21716
16025
21893
25683
1843
11579
420
30159
7125
24124
13186
2792
12105
7675
1167
7307
14252
22656
29940
22161
3526
29469
32485
7340
18584
30714
29990
8656
1
30522
5797
3605
13725
6155
11895
14858
2690
31325
12997
28818
28138
17300
22890
28974
24956
4945
7387
25728
13645
1686
1844
26943
5221
29947
22579
11151
1541
19612
29243
23657
20758
8783
27923
29879
30384
28826
2758
7290
3498
9598
14605
6766
22634
30105
12967
6947
15139
28056
17848
19522
19732
24678
5405
24463
29035
6360
21570
1271
4054
8551
6149
32136
2594
11833
21214
1793
18730
26106
17094
3809
7714
11431
175
12341
14338
26804
1603
1496
9466
8033
17112
616
12619
20425
26029
22166
23065
24600
5433
18800
5451
15292
32700
24641
4606
8271
22093
24156
1749
22407
25751
18360
10512
32632
11644
32735
16888
17148
18038
27956
25147
3013
30153
25191
30781
4712
9612
17347
24260
24931
26472
1974
29150
28080
31471
19545
25552
3295
3269
1319
23426
23053
11758
1294
13273
22849
24326
31330
12485
29533
444
12710
10663
27529
17468
30895
29914
16684
1866
17987
5906
25367
16441
8666
22481
7669
26217
29759
23092
19165
16301
19949
16825
9806
25488
1797
26958
29901
28928
1313
30121
24381
2770
23219
12386
26286
5163
19927
28607
6762
3409
32616
30547
15129
18277
30022
1773
23048
23405
20748
5534
2810
9514
11819
15229
8550
31898
11864
25958
4619
13040
2098
18923
29104
23595
11093
12453
19122
25555
17608
10814
26858
30048
4565
23183
9535
176
25849
30693
29257
10549
1738
32485
14108
16342
20861
15541
6001
30156
20419
9155
32740
18974
31412
6866
22003
26493
32730
22593
16961
26111
32186
3495
6148
12202
3200
25097
19682
25350
27372
32694
22182
28224
6346
27450
14397
8677
24090
17412
15325
22510
12002
24331
32182
7055
1130
18962
23034
28340
26293
21061
32365
17343
12296
8129
28014
8551
3035
3505
29581
17242
23293
1023
4831
6805
17408
22870
21096
8734
30389
1400
7704
30690
10894
7022
15424
27844
7177
1649
21367
22878
17954
2555
23407
32397
3261
29600
6764
2105
14332
11356
11810
20321
2168
30356
30855
8791
20556
5287
21523
18048
28970
15171
2402
1053
10203
13055
4428
907
12139
20364
28639
21739
25086
8851
12731
28768
10847
14745
10232
23421
9090
4854
1946
29239
8608
16378
11011
16512
12516
32023
23398
15289
31186
1582
1751
8716
12921
2928
16452
30443
7547
18255
19828
29618
32203
21549
31480
21238
18323
4498
7500
26639
18589
6758
23740
3512
15027
6442
2474
3910
19791
10223
23694
13784
28018
17786
3207
28752
81
24327
19980
29152
2575
15786
31387
25561
20409
3296
17234
11350
21487
14630
7270
11710
8262
4861
20685
15961
4586
23614
29748
14330
7053
2664
15555
29354
25324
1056
1451
10278
16555
10922
19989
24293
28487
14707
9919
5066
7282
4568
9045
29887
8595
11829
24586
31026
19617
22694
29709
1652
1979
32759
30087
16274
3505
31144
22482
24112
9764
6970
17588
14432
31974
2674
5574
2414
12840
31783
22025
15645
8188
5377
19676
17389
29945
6935
24743
21342
26517
2663
14687
1584
9152
10297
7584
17919
104
5966
18443
24250
8438
15148
11536
28115
29173
23444
29196
24862
31698
13026
31663
26585
32678
25994
18917
31184
18994
2207
25966
3052
28398
6262
2496
8339
9528
29905
11108
27886
12037
17730
11489
13436
1334
16052
31320
31171
11684
2191
18780
8094
6549
16293
9984
28678
25279
2140
18404
25510
18192
5173
14167
11085
11678
17510
23919
25839
26409
11023
15682
24285
20883
24431
8166
28809
2285
3451
22891
25125
7894
21161
5546
32276
31120
19977
10957
22221
9423
18656
24133
15173
18910
9676
7389
3728
25404
21076
18300
260
18161
9493
1805
17473
22684
11572
10536
7382
31554
12215
5438
11522
22121
18503
7399
17038
12846
30117
5386
28170
23272
31526
8605
26409
16525
26292
3701
6199
11074
9385
8819
10810
2471
18751
490
6237
24754
4276
13417
15110
29943
16132
1476
11863
12203
22026
5379
13341
26512
23094
5172
5475
28970
5332
26690
15486
21807
27205
21671
6891
18571
22034
27990
30898
30548
28466
9486
5885
3224
27518
14442
22037
13452
23515
16282
9523
4123
19961
20058
23450
25579
15901
7111
963
9701
17112
24817
18540
18988
29312
20079
27010
20171
4491
10353
4699
14817
2397
2670
25047
10733
632
489
23798
2747
19227
27541
16073
24065
6505
6367
7006
14912
30247
11563
4974
31675
25717
28920
12584
22973
3850
32682
3046
29776
24755
13651
13060
12382
26545
17317
26683
13468
4920
11857
3188
29338
11117
6296
3199
2557
20913
534
3105
27655
2585
8167
2295
23143
8746
21625
13976
5879
10673
751
30137
29233
25175
18428
19489
14850
28162
5337
6493
14406
19702
28867
20452
30029
24840
6788
18186
10267
10255
14115
23392
8908
3415
26210
9381
5549
20978
27559
18978
22769
31648
12047
16942
6192
3331
20542
5784
7835
8202
11615
27412
10063
28081
3280
7180
26407
12897
12928
21692
10576
16507
14777
14124
18757
3517
19768
21814
9868
107
32122
1014
32598
3934
20558
15801
32736
14162
1420
23990
336
11010
3046
6211
27304
18486
17765
25894
13979
26855
20050
5663
17011
28686
21479
30931
18788
6993
23778
2065
8565
10958
29662
10961
12070
9333
14565
11297
10907
24552
1563
5319
2199
25505
31749
31341
16193
6632
10909
15861
23930
24018
26884
18201
6796
6177
25848
4244
30004
19477
6603
32334
11709
23380
2459
6981
16336
10869
4630
4607
2869
4997
1323
19476
18368
6108
19127
25965
10895
27139
29165
15145
20767
6059
27893
2290
15979
32065
16536
8068
7397
12283
16992
24246
10322
28667
30431
11262
32696
9842
16896
10770
10822
29858
25549
22130
30674
14081
5408
25220
16127
26368
8797
19673
6540
27630
30983
9745
3989
10685
11662
24560
16812
28491
18695
6658
21283
249
8856
22408
4440
14657
30787
31211
19007
22948
8543
22284
8091
31737
6806
8843
15919
18941
24182
20272
25955
24407
29048
12786
11987
17153
23597
25377
4369
11057
6611
23241
17329
11211
18197
18739
2501
23939
8563
8795
31401
22193
5214
6583
371
21013
29469
31624
31673
28085
9292
25075
2952
32616
21736
1672
15041
24930
18978
31498
31239
21857
27869
7917
7032
18153
18839
23828
19971
4267
20120
13625
13020
23474
1397
13263
16093
15120
17360
19714
11765
29251
27027
6085
27866
17858
32323
25338
3866
9108
21130
8301
3917
14561
20630
28369
14348
7168
15321
19277
18159
27011
31524
18484
4303
736
29836
23792
5258
30483
1748
7658
13318
8428
17936
3111
20160
18631
24651
1859
3513
9395
27117
23803
7255
15310
29358
27286
10971
18643
29274
18287
27597
19174
9046
3183
15708
15023
27377
17588
32233
31940
14959
31166
27100
32194
5443
9234
12922
13266
14940
10017
28325
25326
32562
3465
9599
5067
11616
418
28230
9667
26899
13493
9459
18642
20928
2803
13614
13256
29767
17390
30873
17861
11597
28174
29079
1167
11643
14071
10151
15768
4693
19414
30333
2794
9839
2565
27001
3085
2703
21096
18549
423
29011
4698
13668
3782
20856
31599
27664
3410
5918
5125
6372
8367
26864
1301
18044
388
7136
11980
27692
13103
28767
16796
11690
29815
32498
5680
260
12046
26208
18122
17629
17297
31708
16050
30123
741
3796
24379
20549
493
5480
29603
23911
21542
10823
6795
24712
31632
157
14268
16587
23939
28444
17468
24433
6793
28412
26170
11115
16255
21061
11262
16315
6510
2028
9997
20576
16345
22284
26605
10956
7926
11373
26278
2904
24081
14734
2371
23362
7523
11039
31386
2453
23559
21798
29162
6447
20690
1113
30617
231
3774
20468
9226
18590
29008
25194
13989
25109
4363
3433
24414
5311
18695
7173
18476
7057
29758
2086
31539
23864
16676
19279
13223
28390
3979
1639
11847
30669
21450
19670
24406
27147
6588
8278
25173
12845
8565
17415
26381
22159
13574
2803
10391
6556
1675
4632
11521
756
32325
11094
29520
15304
6336
21264
2379
27017
24023
21726
19122
22720
15610
16658
26742
16816
6450
16961
21487
21470
2422
23369
26130
6892
5895
18489
11369
21156
19422
28612
17696
3558
1777
3756
3529
28524
2356
28883
566
4828
32625
15376
29917
17083
8916
24856
16389
13794
9793
32012
31450
32537
1473
13836
20242
17827
6751
20640
30658
21034
18728
3255
459
27472
20748
22443
17433
136
30051
29526
4623
7077
9541
29713
17734
5940
28613
32434
3120
10318
9282
10954
18136
7461
14452
885
30301
5123
14450
31210
13504
3842
20481
6684
24625
18739
6411
29244
25383
17987
1988
14098
20778
4095
6620
29302
20194
31540
32295
4608
10434
29649
25566
2339
12245
7512
21675
23983
29920
25886
15834
32481
11344
9350
2103
30333
14125
13753
25370
25585
14044
10371
12259
2498
27495
7966
28772
27652
15970
7571
27449
22049
27478
8484
21461
2748
31360
9716
15077
16479
18207
25623
8943
4726
26020
21964
3501
7634
28421
19236
3174
23902
9449
9929
8458
6869
18212
8197
9581
966
12630
19585
594
28264
27005
30843
6228
19986
21373
9294
31635
8807
11000
24970
20505
242
13476
25547
9932
9527
9938
2207
14741
11095
14577
22636
14970
10514
22150
26400
15827
8135
8744
15216
23251
31542
27293
24536
30588
8920
1580
7935
30360
11059
5518
7792
10082
27125
9608
7383
826
10002
19357
2497
22558
22520
10881
25821
28326
7072
4079
13792
23254
26591
29648
2678
3293
31803
21015
29900
23818
20424
22716
28898
25890
23938
23601
21217
29794
25069
11811
22735
2120
9395
30737
2080
3019
20356
23293
17664
7351
20578
6053
755
1665
18942
1849
20536
31787
31158
27390
8518
29971
16726
17279
7849
30424
32751
3761
16413
27209
18483
12978
17201
27392
29693
15095
27584
17385
15991
5071
32358
18409
27115
12484
15382
21254
32333
13152
17107
29689
23611
7157
11578
14481
20674
28602
3733
19617
30701
18578
13381
8794
7469
13909
7939
11743
2916
31072
21938
490
6963
24176
8332
15834
2901
7602
22085
16226
5665
18785
24558
25782
31957
17727
16394
17668
23278
12698
30908
22371
19461
23602
21403
6891
31481
31938
30152
1257
1768
9408
12267
2365
18529
28734
17165
31268
5095
26683
12103
7896
23221
30795
24635
7545
2364
27930
7169
9760
17059
10593
31230
570
31098
14309
31959
7613
22896
23875
18587
6342
24662
15166
18332
6930
14100
24804
31187
30337
25523
27246
25247
15534
16195
4040
22591
30288
9004
31395
16533
11534
6820
30758
26819
13162
5548
19604
14676
25251
2213
15215
30435
12486
9431
17375
29073
7311
18959
5764
26673
24679
12747
12694
28776
7873
4851
18082
21436
25564
22713
12120
29664
942
13
20760
151
9598
5165
1436
10385
27723
26393
22032
1060
10832
9234
24287
8762
25433
28723
31666
1726
21190
17645
7005
16196
2766
11444
15336
13363
701
2385
17736
11460
14125
32437
8616
25244
26807
21178
9757
1336
3108
14404
7728
4163
8648
24108
487
25978
7575
4432
15051
26458
31479
5589
27631
17142
2989
5611
30197
22318
20471
20226
24725
21382
13982
18425
6860
9238
19211
4311
27089
5146
4053
30207
3086
26865
5380
11880
15522
31589
9925
3614
13402
27720
10663
28115
2105
12611
12840
4755
22350
24913
934
8812
23058
17091
31863
14945
31752
11430
27626
25019
14515
3559
31388
6790
28863
14629
26757
16171
12757
14172
11249
30668
20790
631
7633
10101
10221
24874
13704
17552
176
15695
30275
29638
15126
17634
11170
20348
4667
3365
23962
23121
20562
8750
4659
1370
12381
30106
29962
24412
18854
29687
11653
25509
21494
15822
23328
32542
23800
21925
31533
20367
4072
10381
14482
28304
15587
22253
9282
20231
16050
289
22017
20665
20270
30134
4758
24071
17964
17830
5882
9366
14785
6971
19055
6321
5999
14687
29369
3647
9360
7139
18290
10927
21955
30938
29289
21110
9132
1130
7653
27785
13379
4738
14322
32651
22929
11061
27218
15010
1611
3782
10072
2566
5980
24469
10860
5473
11752
15509
593
19833
32323
23702
4521
9630
19069
118
24950
14104
24596
24440
6350
7284
20512
3730
21144
29407
24468
31527
29925
14855
6710
22703
29545
32547
12181
16579
23119
3021
16933
4318
8152
1322
10106
20116
18177
28329
22951
27804
1764
1341
2324
21477
6419
30328
25880
6288
18025
14444
6521
15093
23491
1643
13938
12828
6998
7899
23557
28062
20166
670
30364
17676
19402
12562
26571
14470
19159
11828
23915
8443
16580
16348
21802
14058
8766
8032
2572
2032
14215
13727
3264
11933
32088
32017
9779
2622
21122
28900
12131
12200
15694
21979
28612
22110
23967
26448
24408
27483
20956
21619
14717
17306
19086
5322
27410
1892
31197
3826
2184
13622
7481
16744
26111
6327
25659
2946
29724
23456
28707
15889
9934
14842
5688
12473
14360
10633
23794
26341
26058
11353
5735
26666
22089
558
28756
9057
30379
29510
31576
22275
29921
13570
10359
9988
5212
2194
19093
21453
5650
7888
23907
16660
2311
26763
28277
3721
16540
11966
30155
15083
2917
31557
3257
30690
9017
24656
30573
26095
31733
32625
11411
5666
7033
6634
6094
3422
12330
20333
17883
16381
2645
26471
22649
18188
6767
1943
3985
5774
23593
24649
21106
29228
19242
6459
4554
22140
2077
19438
11258
13172
14284
12873
32436
19591
29825
12027
11832
229
22336
4829
11474
31659
32321
8557
29083
30444
12511
23766
17458
1112
10468
21290
4431
30070
32373
30476
17210
1239
12354
19747
15088
20529
1442
6250
19114
23003
2285
4759
31940
29918
24401
14920
12234
17014
20073
17904
9978
6691
4281
20816
29256
26171
13224
4417
26973
5310
23264
2904
16113
18863
17413
12879
4622
819
26847
30026
2957
16175
30133
32604
32185
30542
27877
16804
12926
26609
19635
32736
18309
13966
10549
27829
21170
30213
21832
2381
26945
5770
11600
14786
13911
32115
19026
11889
21285
24007
4069
15866
10647
25853
3418
15758
29036
20156
7951
5966
10427
12723
15388
22947
161
17252
3329
13709
6799
25540
27154
13520
1726
12332
8435
22018
5037
17307
13785
1432
20196
31732
17120
620
27854
5939
3179
29045
6461
9793
31649
2229
18344
7968
32460
24507
28596
4481
26894
11610
10770
20267
30212
9886
10667
1709
29317
17143
28292
7649
14327
13466
8432
5665
19417
21893
7511
8785
28482
2049
9561
1603
16338
19015
4962
10370
22688
30829
22081
5875
15300
13103
29077
31701
28047
13574
15345
25863
1678
9229
14796
31435
27477
618
15128
14673
1393
29559
6558
25698
26780
26103
17658
28320
18901
12722
18159
21067
803
17976
13154
14142
29074
11769
22415
32619
2996
6756
20750
17219
23445
6114
19313
15544
18597
15669
7442
20900
3898
29697
48
13250
8924
12314
15577
10500
20686
3866
25733
6167
30738
20724
13355
17669
21175
22190
7919
25335
29635
31368
12652
20432
12049
16405
25933
12643
29165
319
23982
6530
13084
9751
1473
30309
27517
17188
29152
18999
25406
26427
7944
24764
24123
271
4424
29509
27117
29695
25337
584
28749
18991
10644
30933
8926
6854
27305
31494
24086
725
5840
32269
32251
22743
6555
21906
25664
2418
13490
21016
94
676
22216
30000
5799
9847
12312
18683
5927
27952
6020
21825
30404
26862
21446
20314
11304
434
29828
24120
6784
23825
5149
22073
15881
13007
1447
30265
7281
24470
19980
296
14261
21538
11832
29388
6295
31454
5812
29504
1877
31817
8129
25211
25272
28654
9138
9644
24707
31194
11367
30945
9
27015
31241
8320
29274
10731
2758
92
18774
24499
13053
3260
24003
20414
15398
22566
25674
8587
17423
25331
10649
31617
11721
29396
19778
31466
18792
29281
14900
5258
28854
17237
12666
19216
10935
10676
12132
13811
3729
19466
23184
25132
5985
2590
7625
18788
10764
22502
5004
26487
18245
8808
10085
20859
31058
18604
23152
21276
1972
20163
29114
3636
13671
24005
9781
6014
2073
8830
13874
25940
16977
32614
9504
20073
17319
710
9465
18176
5581
9163
18139
21366
5708
19544
23218
8331
13498
10753
18510
3003
24196
25007
12281
15096
11947
28521
19159
387
22587
13224
21756
30106
15031
97
5325
17027
29403
28954
22905
15296
18474
11656
14352
24699
13472
1397
14032
12919
16335
26828
12913
14687
15634
2847
8049
17086
4587
23727
3296
20826
2786
27020
26728
16767
15017
26270
32239
8824
4744
16241
8638
15766
14967
25162
22140
30945
14681
6910
9242
21358
9773
25812
27828
26091
21710
30628
18521
15230
11101
10838
5980
1102
767
1612
16019
6995
2038
9131
10345
4005
14298
17795
7588
12201
5300
10863
23834
23019
9013
23489
9861
22085
8498
18247
24140
13289
24382
25159
7760
7067
15055
8285
29367
20828
28481
2804
3121
29262
6296
32209
26931
17023
22413
20837
4501
23333
3348
13668
31511
16871
16644
28291
16214
6244
24358
28990
7806
23316
25112
17370
15917
17022
9530
324
8902
19009
10354
31822
21220
14845
32041
13572
16195
17247
10750
15784
23263
23398
26236
27230
11099
16097
28974
16023
7626
3034
3820
17314
26063
9466
17399
22551
3541
5751
4615
2963
17989
27105
31445
16068
940
720
7879
16917
2898
10182
4149
20599
19189
21357
10798
7509
32507
10897
30661
19091
21505
19094
3881
16793
32267
14112
10761
27733
577
11214
25342
14091
27631
7567
23105
16524
2889
2123
5098
21656
19501
31379
22946
21165
15735
17747
27056
23375
17788
15420
23655
17641
29758
18349
23451
15404
20238
21293
25853
9122
15693
28245
20483
1720
2699
11018
29666
17720
19489
23131
27712
16683
27646
29612
18225
20574
13018
2235
10879
31362
2325
5484
29373
31079
4732
24714
20513
29280
18861
19169
4285
9745
3062
3350
20004
6325
461
5482
31990
11487
24905
25074
5624
7982
13122
21096
10974
14396
17159
10058
28733
25907
842
16769
127
9976
29546
28985
23754
13146
25769
15744
20700
9504
30139
12690
22321
124
27112
1943
2435
23686
11213
29941
11866
27096
28895
6704
29714
18910
1802
16192
7734
2956
25484
5222
28401
159
26891
26588
12764
1116
10496
21925
4302
10722
22609
29635
9343
18024
6001
28410
11379
19308
9055
9923
9315
7836
9715
26945
21967
25986
3453
12513
13369
4015
19568
17866
8995
9721
20456
24315
19305
20187
24463
6249
9117
9664
2436
12443
31499
23075
29879
11723
4150
7468
1936
26500
9128
7884
13640
2908
29328
22593
15885
14541
20619
18453
20198
18249
21369
13689
13739
24113
11843
9262
28625
15197
19077
19099
31597
748
23412
17960
28962
7861
3695
10296
4201
31486
16141
27392
13942
16254
30902
25423
23962
9635
21737
16518
5035
6351
28290
12844
26803
15403
2749
14718
3801
21942
3646
11886
11357
2320
18660
11710
11501
11463
306
30134
16433
31672
8901
32418
2805
11520
16696
8380
19284
24709
4667
31238
18930
14418
18941
6500
15678
4801
16158
25077
30530
13735
15272
9465
11198
24976
6599
8840
19136
7619
15449
5605
22109
18526
1744
27529
17797
24942
14466
2010
27959
15933
16480
25027
17879
13718
10261
6295
116
8467
18569
11365
13436
22421
8613
17290
7649
25565
32380
9273
2241
30724
1943
23724
22357
3944
5211
32526
19864
28857
9280
31559
19225
8275
3432
4567
9324
13302
2202
829
27411
20246
12301
12075
16734
24397
11017
5827
15970
9750
14649
14341
32175
13189
6974
23803
31582
6143
7285
4487
18786
19079
7546
21168
1630
18718
1817
19344
20507
1489
25404
23181
26949
30090
8103
26932
23269
3351
7912
2376
21439
20245
4053
6569
31697
18378
30623
16422
19042
17737
29697
29776
576
5729
26758
29097
4842
17086
18124
2259
3183
25705
24411
8688
5684
28424
1420
16901
27972
24746
623
26572
8487
18862
25345
20602
8360
17595
937
16979
27232
12400
18326
32027
13332
29
11230
13597
27343
8127
13037
29564
24736
1725
17870
14688
27500
30665
13872
26671
363
23444
770
30200
17700
3312
6252
17764
23516
24782
6470
3137
7044
7586
8040
21520
32039
3909
8664
7476
22439
10644
12058
23452
20764
8664
4626
13214
25973
9567
5085
8479
22651
26048
6909
25342
8746
21197
30299
32483
13208
19038
30732
8511
10025
29134
27192
15570
13591
22978
30458
8952
15419
11012
335
12293
15998
5130
2950
19228
20940
21949
15939
23606
4256
12742
705
15007
19265
2377
30283
17666
19848
5629
27582
6606
12827
17294
1263
20172
14490
11998
30067
28131
18861
485
30276
5324
5551
16780
19715
1155
26024
6905
30305
6349
24885
20218
20591
1949
800
15400
18456
18595
24274
20688
21998
32501
6695
14795
8504
27577
11954
7558
30041
27864
22774
9800
11351
20374
28645
25528
29509
5807
1236
5505
8460
6974
9172
29232
23783
8796
26917
28357
17116
12483
11775
7348
24967
2580
20690
643
14468
3626
16662
19675
23553
12124
22622
24001
5509
20333
8051
26410
26914
27150
5983
2968
11058
2956
32656
21253
20553
19430
7177
10117
15176
23763
16154
18283
17302
29798
7223
22377
14007
31217
24708
8235
8912
18353
14981
11120
17196
2518
3152
22274
4421
27940
26240
29800
1639
14061
25355
10023
50
29630
26707
8817
14940
4245
11814
9894
9993
10046
20219
29876
31407
18191
7394
29734
21049
2295
26147
20474
1674
25463
25536
20720
3862
30351
31868
28394
23515
28412
18358
25502
12838
15819
1719
10692
697
26546
10889
17197
30874
11097
12639
20725
2197
27702
8670
22428
7411
22314
32374
31512
32503
11244
2269
20281
22965
20686
1811
19718
13465
27291
24622
3036
29744
15823
8464
31433
25215
16196
26292
28131
5675
22785
32717
26922
23822
22944
11767
24490
20475
26338
27818
11134
23516
11116
30746
2624
6617
27064
4453
24385
28861
17509
15883
26593
19948
2455
12752
22227
1602
9651
20929
15027
18424
20932
6064
15753
1656
12618
10786
26415
21218
19874
26770
9450
27979
30699
17930
10598
2828
3520
7933
18565
19681
49
6881
5026
24468
5713
22395
25171
8778
32654
8000
22312
28817
6719
8794
21539
7675
20866
21224
11039
30786
4095
19070
22052
6250
4211
1613
7327
24198
32033
29235
7032
10110
1964
13044
5986
28838
24779
20509
24708
6280
9091
17645
11155
21432
17267
5418
6800
29977
5277
10389
30742
1551
2061
4069
30
31393
20180
24440
31533
5038
32202
23385
18307
30206
16975
28148
3810
32597
12765
2834
19253
15426
26089
1734
9286
11691
9113
20361
9615
29937
8886
9275
9481
32100
24268
21395
309
7522
19055
6708
24007
6056
21694
19938
4536
10316
2616
13705
23449
18116
11380
13910
18339
4865
17367
18726
3037
2431
31868
8269
7392
1546
20374
8627
29588
1097
1825
8910
3679
10944
7410
28955
23941
11619
9973
23182
2022
9328
19984
11943
4823
20095
3908
20119
7382
27529
9979
23533
22523
5749
17160
30030
6752
1252
10036
29535
11371
16496
12806
33
4840
18669
31535
17177
17319
30340
10862
22151
19078
10802
26003
21042
13070
16546
17476
24030
18199
14515
21085
12636
32732
32727
27417
4318
3958
113
28926
17658
21349
11876
9034
13127
5172
31631
31326
11954
26530
9999
31404
29878
19200
18015
3473
16863
5724
3829
20269
6046
26533
26276
32648
5485
19914
31576
22687
25248
24258
31004
9460
13464
31431
29384
10063
31401
13219
28002
22257
28712
22187
812
12216
28626
22210
20322
22338
13257
22445
32282
22007
26164
17593
872
24613
18951
23613
30432
21998
16893
4215
22703
27942
7158
13451
25910
24413
13252
21876
28392
8765
6281
19609
28107
1990
13167
12290
19399
13644
27334
29712
26054
17128
17696
30720
18980
13885
16117
3132
25377
31865
23667
1426
27589
15036
28743
30300
8704
30613
969
5477
2367
20991
10524
29953
22389
20283
10541
19331
22405
21941
12582
11883
7429
18863
17644
24092
15783
3111
12272
3574
20045
18469
3778
10351
5175
17202
22427
7006
3610
30747
6471
864
4357
12306
23750
11503
31176
28761
14852
3168
17598
16811
10555
18168
32212
20271
21447
735
1599
15189
23475
31103
26818
28979
13616
28374
13568
13794
4364
23057
14303
28972
7236
3983
6944
3011
24973
2269
14672
21127
17258
29033
14185
783
32749
32463
16610
9587
16527
14719
23337
10152
23150
14201
5410
24599
22696
5586
12348
30659
31618
24062
5572
13013
29638
16378
30643
12357
13348
17375
23204
7279
32021
16434
22679
72
27790
8199
8542
714
14122
23431
16938
19944
30056
14364
12604
15192
17036
22789
12800
32054
9027
27200
21457
20488
12607
21196
32389
10499
2873
19538
4101
2642
15666
1461
1205
23122
27332
5564
10197
12932
15712
25244
2098
6620
15557
28336
27740
2075
18735
3203
31187
7988
7783
9113
14538
17779
9660
32229
12735
12713
26626
21116
15344
21959
19850
27654
31179
11213
14562
11932
14840
334
24989
7056
4288
17957
5719
31713
30675
1330
25065
23714
31696
13190
7455
953
5967
9948
6280
19666
11438
18887
14967
23994
24422
5073
18058
12265
10507
1400
10324
23661
1038
8713
6281
21166
12581
6771
27411
29049
7715
17797
17226
25152
24626
26365
2519
30992
11819
937
9604
32748
29543
15839
15284
5058
17548
10083
22396
9688
25429
8503
439
11351
8812
4307
32073
7959
32038
16401
7893
14388
18878
10158
1785
12381
2588
10392
13131
16502
15148
3168
1727
5553
14276
13731
28907
17925
1483
4823
4884
15115
31119
11683
27214
29264
11206
12688
380
23523
13981
6936
11365
26618
26504
13779
3684
19861
4598
21412
31191
17858
23070
30863
7103
17462
23433
19790
21897
9690
1260
29112
2090
7900
9487
31947
17121
17437
2335
1515
1354
6962
28971
26204
31110
5331
19642
9301
22845
10003
15787
7385
2208
7178
29210
3460
29878
21735
24108
15387
26763
6868
836
7871
15027
24478
17528
10391
27350
8406
30192
1545
23099
17318
11141
7775
31418
2710
28601
7883
24935
5628
2942
28592
15118
31748
8932
29498
17974
21991
32391
23716
31297
14215
11507
7570
17011
22363
13448
31473
31832
1389
4528
29377
32444
6306
15013
15595
29019
24556
15644
30570
16496
24926
24023
18158
2285
28120
18420
23444
11920
29087
21859
31202
18981
13738
26912
8731
9112
3008
29359
2110
6643
27179
21918
19652
3781
29142
14146
11212
2215
32331
26824
29870
17529
29046
31852
27231
7869
14416
4630
22867
20807
4109
22427
9214
26558
1403
20598
20578
2195
30695
2688
21561
24318
9325
17590
1350
12968
22932
6324
6878
11902
3784
11873
7011
15493
17152
23462
27130
22999
18882
25357
7381
11616
26526
25172
1283
11395
27154
14355
8711
27075
14608
22072
18508
20478
6559
21312
12299
4195
14868
27392
17099
13310
23022
21537
714
4013
13355
1767
2013
14876
28342
32565
15670
12547
1542
14586
12205
24041
22041
8211
21895
13301
17756
24423
13307
30658
20546
27513
27127
13553
27537
27238
17395
27037
285
9613
4985
4988
24074
27690
22644
1086
8695
127
5366
20840
30398
17305
29110
15958
13305
30902
7868
3692
26523
32339
15036
7278
11419
31856
27291
13675
30701
13149
27549
13809
12936
24260
27215
19759
18662
29610
32650
25693
14382
18317
24067
17854
21164
2993
9357
19771
28821
8624
15799
378
20097
2574
26112
8160
28770
9411
2876
24404
28857
25221
20347
21644
21452
19371
13202
17343
32248
18966
25426
9815
8019
21458
14205
13762
12594
26947
28876
22168
27344
27464
10428
1034
31314
31077
11310
20971
12015
18057
23092
30871
4287
23126
22123
25273
10345
5884
3118
19472
31115
9397
563
491
5858
28362
20595
27946
26085
29148
26293
27551
14571
6537
7862
13365
17036
21302
6941
14755
13258
32673
15233
17914
9139
25451
31206
24937
18341
19510
29344
8169
17311
7273
16023
5471
20322
6970
23802
25287
28483
24348
19661
31796
28757
14470
30624
9148
4593
23946
17939
21455
28248
17722
2839
10511
8987
4201
6119
18404
19522
30143
23639
17725
29538
2639
21856
9501
22439
12423
7503
32276
15659
17923
31803
25777
4768
9307
19494
4069
15468
15094
2830
21499
8858
2979
32644
31553
9355
5074
12549
6803
22680
3399
11367
25616
26172
13259
15113
3702
7924
28764
21055
6746
5138
22059
30085
14313
19672
26009
956
2029
19984
10530
23123
18304
8975
181
12477
19807
28868
28952
7921
9399
22461
24054
1100
21650
15437
7063
27193
3052
21666
32559
15455
10451
4133
12552
17184
21935
32388
7599
31098
3857
22935
28450
15124
4973
6665
17502
7003
3895
22826
29055
7362
21008
23246
6381
14586
8620
11867
17296
15084
11305
4706
32101
16201
17950
14271
18006
3773
13142
20303
28976
7222
19433
19776
24501
11458
30790
15806
20401
8308
5669
26185
11237
28156
26885
29196
20985
30154
29771
17029
10820
9105
15430
16223
23754
19792
27540
26055
11361
16797
19385
7385
6331
9285
15033
31126
17422
1619
8517
6227
28986
30110
8725
25610
29506
2431
8739
32710
30553
28197
28409
14940
30130
10492
3890
15805
18545
26326
29122
6013
11667
11209
10978
3747
12233
14495
27234
2741
3179
111
24786
32303
28570
18628
10094
19782
6159
6064
5011
29884
13178
25365
11514
30748
18914
5184
8833
4163
19672
31451
5430
24532
32208
10354
30887
17601
19110
29408
6788
26828
27776
17165
15075
25249
25346
7248
7417
26070
31290
12437
23174
16348
31774
12159
958
19630
3665
17630
13717
11653
16026
78
11920
31985
31012
5236
26352
22337
28924
597
18554
13408
21036
32566
32207
30832
28712
15747
28969
31763
3858
2351
4495
30725
30755
10573
8908
20039
31508
3799
8976
16851
22498
30723
15987
2475
10586
1301
30404
27581
20368
26992
1030
16176
2632
16132
22667
6364
31627
15087
303
29620
2015
24330
1376
25518
22332
15038
25958
9705
17836
9964
26766
26320
17976
15839
5848
3593
2615
17216
5557
6675
4932
26337
7324
14613
2190
13065
32408
28460
19498
15657
22916
1418
15639
11177
3164
30526
29847
30132
17375
8378
16481
5094
17297
15751
3605
11064
387
23761
19723
27555
7440
13100
8254
14129
12775
16336
10879
18026
16937
2211
20694
10351
6364
1032
5245
20713
22663
6995
24973
29893
11242
23141
19790
28295
28461
11642
31825
9846
28248
30183
21162
17847
27503
26533
5428
26874
11407
23512
30805
18269
1466
28003
16960
21500
17859
20613
11505
14649
30460
16306
24826
2884
473
25040
7458
5862
32294
23782
15944
13716
15213
27245
3072
14533
12924
4901
11545
13088
26365
20671
14909
32638
20373
31742
24459
18136
19463
7590
6530
29773
2474
2770
19351
14794
2762
80
21670
25810
11386
14315
8807
12523
6398
13176
12442
9449
10330
9435
4428
31777
9150
30499
14130
9456
9090
20435
21555
7242
1454
11427
25037
21587
12373
16036
17104
13785
8980
1703
31266
24832
16668
10974
27171
5444
29256
20884
15607
5007
25437
12782
24226
10925
30276
1156
719
15813
7083
32150
10451
8263
11039
9124
15774
17845
23619
11539
6821
26086
16816
9203
28227
31848
14739
22281
13033
16978
8097
24922
4355
23213
14332
5692
20014
29971
6336
31695
4335
447
27091
28148
28630
5883
20750
26182
2608
18386
6461
9391
11184
23625
23495
31214
30690
17489
6794
23991
10539
3644
15721
31668
21261
7891
2058
15522
19723
29126
18397
7816
2367
32746
10166
22934
27886
30452
10008
19403
30559
11491
190
2748
29026
28115
17881
26442
13171
5581
17391
28106
19647
24260
6992
18180
25313
22689
12234
22252
24093
15166
3196
1660
8057
8558
21168
12461
6176
20121
9824
17014
18122
9616
25228
9673
24918
17582
29657
30244
1580
21834
10067
13683
24161
17145
30673
29321
3190
30073
14971
26086
7715
9213
6106
32644
7910
22365
9770
9534
31664
25209
24487
28631
16155
22221
61
27268
32388
25822
14764
22329
5262
5066
32125
23945
1368
17262
15886
21316
11365
14615
24741
12004
24802
24632
16598
31237
343
26616
2216
25280
7439
22212
25049
7315
11697
28503
31043
10087
21553
26558
2138
5402
22707
9748
15879
30785
26923
26205
3430
4369
6116
25057
7634
8347
4639
31580
29463
22637
18311
17403
18645
3738
11240
10482
10148
28812
8644
15226
686
31297
28753
10771
29430
2232
29753
10454
30629
1947
9005
12990
18522
12999
18064
26681
10379
10398
30339
3643
1200
26453
10375
4125
16523
4796
1386
20975
8938
12518
30431
8215
24012
2096
17965
26515
9610
9279
19573
20103
3887
11824
16791
12551
9525
20468
7761
20523
18789
396
29014
24144
14898
23066
12993
30690
6542
12217
10872
18135
20487
27531
17654
25836
5680
24208
1786
20821
16534
15376
25557
798
26450
4387
13607
5565
31191
29314
27457
3898
16063
17151
19812
2970
7959
25526
14727
22699
431
10775
17337
16232
15103
1289
23637
17455
8948
12150
21031
19706
11758
22565
15240
16560
24322
829
19583
16574
1351
11434
14317
2513
8014
17317
21131
27709
7714
29648
11414
11574
23450
2503
12751
3496
10521
23225
2000
32693
26930
30236
14793
588
28268
18180
11689
15474
13937
21441
29598
21321
6245
8956
31795
25371
6246
9756
3296
240
20795
13197
29534
30130
7965
17724
26364
19797
5420
7133
