10239
25947
30123
32305
1123
3054
8031
7297
13276
12676
6154
2672
32716
5517
22908
18819
2850
6705
16734
2921
19297
9293
24508
22928
28645
1812
19174
6728
3584
712
4567
18850
24020
17112
15924
11952
16267
7601
26298
16067
7918
31096
29462
8449
28478
19391
9426
899
20181
15870
10639
16469
30770
836
10926
28777
18739
20990
18242
32707
25200
14061
28689
19469
4376
7976
13332
11852
10824
13309
18232
30491
3158
11280
2875
873
30673
5622
30553
11475
14495
29089
5289
24094
4549
25788
5293
10365
17154
31414
10680
15600
26819
6357
27102
27443
31520
18899
15504
32708
14879
1137
31889
20195
20658
9756
14620
21105
27964
14414
1650
13167
21817
18516
15596
12241
25555
16544
15730
16250
7145
8279
4679
21305
11732
8071
23600
14847
19027
11444
14448
10762
10258
3857
32440
15972
22360
32678
24478
10262
321
8306
13199
25053
22769
8109
20064
200
9373
12192
18906
5057
24806
22441
3160
22745
3444
22757
14540
14105
21655
1335
28158
4588
7405
25352
8857
21583
1780
27144
18957
29532
2342
512
29266
26052
22583
13384
6840
16997
152
20617
21449
8373
23337
31195
12386
14837
26098
20204
28658
16523
25880
4504
2269
1578
2240
2786
26073
23335
29336
9317
10709
31424
15953
28184
27425
1692
18303
27586
2235
27423
17410
9021
16553
17376
9227
32643
19527
16814
18043
20091
16908
3796
31838
1999
3496
31349
31425
8577
8252
8997
22657
14762
29392
7517
2352
16576
2103
26001
10510
8658
25487
21920
21929
31232
24386
4042
21700
24328
25906
26056
32684
18810
17444
596
31246
13419
2764
6033
5342
15566
28805
6779
12287
5175
15053
22594
7215
31309
4788
25011
28413
12734
4971
9676
19710
2695
10421
2439
29088
24312
5186
593
30651
4541
9435
20663
20999
12185
15980
14847
26139
2561
22847
31048
11004
9732
26596
19306
32024
25351
27501
24190
26291
24133
28308
16010
10596
22403
1775
26706
27597
16133
4584
26663
23816
3027
28702
26633
20986
27923
22535
4453
24400
15990
32067
6040
28010
14883
22444
15131
437
16401
17298
19134
30898
9682
6969
28301
5565
10569
31843
27533
7175
5399
9469
5019
29652
7912
32688
4218
20618
5001
24331
21514
15267
29065
19191
30971
27168
8859
3210
17248
5662
4522
18542
15279
21617
28833
8924
11178
16881
9930
25440
17202
8843
12594
23649
21282
7606
24454
18368
12237
2997
4936
13686
11910
18995
21299
31901
25399
3017
24513
4914
19116
19280
32189
13049
18141
3083
23134
13135
27037
7824
32030
5335
13510
14090
30239
20085
10986
22435
2117
30498
4502
24284
15779
27036
30222
17363
28298
8550
25824
19411
28494
2816
6118
29715
4929
10123
30560
7944
12582
10806
11581
13932
19059
32284
4929
21506
23674
7950
10024
31044
5643
3324
1530
6125
10460
30075
1195
11036
7991
4561
19684
8751
6220
32705
7357
2198
7424
14917
7965
26450
7795
13654
29416
27838
19707
10378
14362
20204
12688
25974
7064
1333
29097
23349
28694
5849
30294
13407
22679
5417
30114
26414
22322
11389
21894
23955
7645
20934
29493
1098
9674
19368
14273
16932
26649
1873
14981
13325
4568
18370
4834
24802
28967
18978
5916
8083
27572
1227
6351
13617
31953
17900
10440
18531
20320
32205
26103
29213
24011
55
11605
13326
4300
17938
18989
20207
29067
29435
1038
24368
21057
290
23248
29239
2447
4897
8606
30528
26440
4623
18311
21108
4887
12029
30106
3245
5677
16170
18663
22767
23451
6623
30498
10294
11916
23871
28981
13436
1022
3786
6275
9548
12845
16165
24536
8912
32493
1933
31559
1821
19945
19000
5082
5429
12438
31832
14134
8770
11856
25360
3035
31241
24785
23829
26756
5682
5634
7763
32280
19003
23424
29673
10957
19976
29212
5978
390
5556
10489
4307
1795
10268
32058
16886
6777
794
3933
2261
909
27314
6978
20397
1503
24764
20850
24037
10645
4812
7794
28269
22461
20756
25983
12809
9117
44
22928
24369
17775
23035
19844
13815
14326
13002
3645
30673
28505
29792
12053
32237
10942
13009
23480
1722
2255
12890
31281
406
15025
30723
27706
30026
12605
21065
9110
16544
3083
8279
21710
16861
28234
21854
14073
29718
4467
5674
19537
12223
27649
2524
20470
405
10314
8636
8645
31244
22830
32473
7629
398
2971
30316
23900
14712
23524
4704
24428
17358
23153
1901
1780
13248
32190
16499
15668
23896
31056
15345
20122
31634
1713
11440
27786
26997
18477
1085
16837
25771
23885
14599
7769
23781
11883
27801
28604
23801
29877
22446
2839
14493
31090
6906
13505
32322
12137
30987
19361
12975
22713
20315
5072
30696
29145
32124
3312
16768
13604
16602
9261
30989
14115
4914
23263
25316
26379
17292
6576
8119
32062
22013
8133
28539
18001
30343
9616
22229
24403
16518
10746
29771
15733
8026
17714
31414
134
13430
9479
17075
20982
14248
14124
29720
17819
9616
25429
23173
24973
10589
10761
18071
9531
16519
17390
22669
14664
4078
22660
15776
1464
26984
17087
11006
10061
134
5914
2813
15260
9766
15564
6695
17002
30196
17492
25256
31361
15324
6808
8271
10745
32227
9770
11202
12012
25134
674
31146
22601
30270
29182
9494
22642
19316
28745
10604
16809
24554
19295
24887
1336
18853
14650
4037
25300
19202
4752
13493
1060
29764
23124
10966
16136
13705
6200
17161
8848
28730
10074
13254
31493
24587
11748
28138
19854
3695
16801
14834
8569
21900
9996
16921
11970
11452
5873
20750
13133
32763
30218
22536
13514
24192
11726
23644
1680
24625
3031
1279
14225
18954
12249
13803
11330
20018
3475
23722
28759
4248
9023
19675
8524
14103
12963
18281
22605
25718
6539
3510
20064
2341
12935
16443
28328
8884
2452
22137
18820
14759
11278
16355
5172
12234
19963
15117
2331
14538
1862
13083
11708
3183
1781
22939
28747
10382
20695
26194
21141
2657
2653
10109
20036
2711
21263
30017
6020
11561
8288
31119
25475
16479
17029
5092
20281
30272
11814
21846
29351
18379
29845
5248
22246
12798
24232
25251
10725
9695
16540
5863
12952
3629
31214
22986
21490
17200
9129
19373
24317
23280
19508
32124
29524
20642
14552
4019
28877
5701
19596
24058
4221
19796
20363
27889
7333
30
1387
25920
6265
3810
17867
135
8380
20492
12060
9053
7801
7024
11656
23677
7022
31068
2406
13596
18724
325
9434
7553
26756
7608
24521
3587
19140
5542
11134
27040
32261
12422
21969
8048
22692
23145
25372
25611
258
21258
2733
21999
17114
20894
13119
20169
28916
14874
12791
10990
22647
26357
10269
22327
22427
2116
19793
17310
7594
15071
823
29701
30387
28119
3173
15867
21887
3871
2751
23426
32674
8635
24230
20779
13114
2692
7030
9221
6679
11687
13066
29871
3762
17413
8888
20735
25852
25669
22830
11413
1221
1708
16850
21868
9559
19932
4604
11
23002
1785
19352
32409
1957
6636
30211
5217
1163
31190
2697
10407
17161
12444
6410
10295
17828
22943
18780
767
14305
7406
3500
16259
691
26679
19689
24621
30955
22649
16148
6040
2541
20942
31132
23529
29726
24186
19196
28338
19751
26936
19671
5527
26381
4954
14168
11455
23276
28817
5020
32375
24927
21771
11871
7411
1662
5528
1905
24801
22695
12738
8407
28547
16169
8169
10557
27910
26813
27625
27893
10889
19010
24320
16432
29660
18078
8507
31312
15637
31624
23189
29672
15960
32175
4387
13309
24594
9902
691
9422
32620
18424
9597
12293
28532
22127
24641
16738
24347
28896
12543
31328
23340
29989
29079
22045
29948
5092
31129
15491
13182
4251
4862
24421
30141
2964
24860
12611
25877
17778
27489
22296
13381
7188
9300
19921
29663
26303
31242
17457
9680
5097
29000
5730
7379
24526
19863
5412
7014
2373
21371
4987
8188
29532
28700
17428
9909
6993
8226
13527
24498
4620
21966
8655
31963
843
18090
23010
6722
2885
27438
7174
31498
63
26367
28737
21813
24026
4926
24384
12066
10155
31256
574
4883
5533
2515
31824
1252
591
16234
19246
13116
7172
32643
25695
15290
1846
27020
17862
3526
23637
17824
28212
24625
6575
4993
30097
31375
23972
9950
30385
1079
19832
5603
3353
18782
596
9637
16280
22680
29039
15357
26147
26834
7422
17593
22211
7367
20438
9441
3832
18473
14212
23699
8086
6846
24492
8886
17250
5880
19112
30660
12909
29734
31905
19848
26717
12073
11586
20738
15756
8061
9155
12213
16324
18912
7566
5463
12570
6531
32504
27024
10313
24364
24763
26569
29231
737
3565
21843
11016
11229
29461
5760
2838
32020
17055
15592
6407
11289
25013
28157
20628
5901
19678
24279
14068
29130
10216
10275
17330
9265
28702
26567
18413
6268
18854
32274
20604
2565
6786
32155
7974
2091
14902
4274
5948
2402
18442
3683
8835
15232
2880
7247
26172
1852
15578
8419
29039
29009
16633
7304
25456
9544
21961
27833
742
5721
1414
668
12889
20725
3849
28895
1389
27144
26155
19555
98
22271
7650
23101
2243
15017
30598
11549
24573
18561
30916
11025
1024
11229
10112
9370
1353
23490
14927
6629
12900
18515
22678
10176
8765
3006
6954
15529
10364
1829
28493
11687
21541
28051
11153
15875
28332
19697
356
25722
8570
23204
26060
23892
11043
320
29278
25710
32677
15201
31374
6164
26333
4503
29152
17344
11435
22361
1904
22983
9075
24761
11740
30449
2177
17565
18008
13002
28103
10271
4556
12545
32615
22915
722
13402
20100
2375
4980
20905
23072
1649
22200
1421
31196
5157
315
16653
21237
11927
17153
17818
19201
20860
14510
27905
11724
15701
489
10010
21612
15449
6667
12696
23004
27178
16615
30993
21271
30714
21624
1664
27755
2455
21397
15589
23496
20442
28290
14178
4670
21639
15478
26120
4258
30459
14421
28966
9838
17155
3246
5179
10818
12229
21555
772
6835
21282
20687
28710
17641
6229
23009
2153
16082
27064
7525
14662
27257
19529
23726
1138
23208
14006
28364
8905
26005
9604
3139
29621
16359
2430
15285
524
7605
31192
23070
20770
11040
21073
12081
6812
939
20748
21099
8005
1200
25753
27699
15365
15617
31516
29440
3132
22621
26784
19862
22432
32141
30942
28367
17790
30788
18993
10789
8328
8325
24730
15755
12337
26277
14858
25945
31580
9169
11613
3176
3237
26413
23824
3453
30573
22546
25151
24276
12192
18846
17544
23740
19523
11787
11932
23009
16759
5834
26656
30030
27585
22480
6152
25782
7778
31882
16195
28090
19680
7123
6855
18417
10365
21395
10702
31498
31941
17427
27767
7760
28797
1788
25122
18693
5571
25378
32111
8100
25688
20045
6664
15171
24687
10008
6651
13061
843
24405
14375
18986
13860
23951
21033
1397
9311
20539
18784
9678
29151
13509
17703
14121
17090
11657
28103
32198
8977
3202
6810
30994
2341
29743
4807
17523
20452
14882
29179
26272
6297
19816
23221
19817
23190
7024
29168
17797
23657
10602
6770
2422
5120
30286
17619
13641
648
5162
11292
31423
23212
8155
14190
9512
31225
31908
7158
15611
7187
2521
26740
20515
23401
14760
9879
15850
11816
22982
5722
31524
159
3875
26562
24010
1863
22193
13089
77
29814
10144
28750
16315
30048
32763
7848
9537
16203
32560
18134
30670
14905
5249
25608
27462
2308
10557
13236
2904
5404
31847
8505
10605
5594
12566
32403
12679
860
11884
268
4011
20092
24561
20387
26536
23527
4292
22757
14745
1971
30888
17269
15812
5167
27276
14345
20013
24897
22651
14725
3216
8003
18913
29158
3600
10050
11469
4497
32020
28566
23406
10108
18931
28172
11507
1350
21019
24792
15877
8081
20631
32755
3443
11105
24339
24279
14556
6756
12270
10381
17128
10270
2792
6654
12786
22342
9427
15868
11158
6239
3925
9353
27335
23534
316
28319
10450
11695
15690
30677
13506
9869
7549
6385
19718
28622
15231
31928
14051
9282
7628
11282
3875
20776
14949
4002
4181
14766
10963
17630
20544
27172
3598
31714
6094
25900
27003
12190
32427
8011
24209
404
12439
16121
19038
19916
26603
32689
23918
15007
25427
28666
9530
14626
179
9128
12958
7726
22948
27812
18406
25828
27392
16320
22152
13838
30320
2779
11806
28685
24766
7740
4399
26236
1587
25970
31288
28715
23171
10539
26521
235
6667
12022
883
5787
2872
31625
12167
27022
25683
20494
15378
23836
9023
30026
1466
26851
27523
7129
11423
12265
17311
17508
17910
12000
22820
23706
31707
28120
3105
19701
20250
7832
16627
1848
25410
22141
26394
12781
17165
6237
29744
5137
6068
19468
22184
28036
7149
19134
2479
31570
11806
30202
23623
12346
29962
1013
17052
16421
18926
13123
5860
6570
29548
18544
13811
23378
2884
15342
1340
11224
14700
10981
22469
28517
11859
16851
21361
31387
30713
14806
28582
10773
12104
15328
22946
14318
17358
4494
15731
10479
7094
28534
22907
10157
31488
14399
6236
29914
18316
6146
23078
20605
14911
26524
14010
11388
6340
15701
20018
24969
30235
4323
27910
24538
19068
15303
1614
9027
22644
7588
23069
28565
12198
18657
4315
27911
15578
2150
2268
31264
25967
9401
22643
8333
1715
17808
26569
20001
17204
4744
31922
10689
32090
10905
24189
23590
10901
11156
1238
19184
16935
23764
23457
688
15130
15723
12111
23808
30452
13992
16804
15392
19895
983
14802
20514
22907
5244
11321
30168
1843
25674
30764
1256
9503
13505
29510
16633
18244
30377
6860
23470
19225
27318
5961
11784
30083
13850
30999
1949
12309
20967
25431
28815
5421
27466
8755
19897
8064
29577
28683
130
15401
26486
8105
12158
9528
24881
26379
11479
17859
25420
25459
20206
32490
1886
798
13936
1372
26093
29291
25921
28969
9272
21802
22951
13917
31643
23010
20297
21562
21975
556
15058
8032
5235
8649
8033
28879
15046
12722
27750
17563
18828
13479
8707
32663
6529
22866
20825
32167
29856
25489
4495
8764
19034
17432
6833
6775
32240
8999
30942
2807
2125
11407
7279
147
11265
8205
31571
4322
30730
16241
23854
10149
12344
24263
30571
31188
28770
28353
30656
6198
4135
5847
750
21647
18619
3835
15595
6207
30002
2807
10371
2933
5503
7788
28770
6292
10491
16974
12488
2776
28768
29553
25393
8533
25861
32179
9599
13803
8298
24628
23474
19522
25640
626
28674
11908
31978
16079
25069
25691
12180
9089
6961
27929
2799
26185
8786
9892
29688
15923
10167
10089
19578
23761
7163
2385
22720
24308
9886
29533
16345
31661
28021
12177
25775
26146
2269
17691
14226
23840
21860
31160
131
7403
4690
26314
7282
4444
15742
29836
23998
22376
9450
945
13980
1812
32512
4306
26662
30978
26547
20083
30167
31842
13929
4073
6718
12949
23738
12281
558
602
23952
28720
24511
27310
22543
30769
26777
31160
20676
11456
12774
30752
6764
15668
29449
13869
23081
20089
178
13603
29488
32457
16911
10374
4321
1733
29405
13019
5899
7384
4869
31303
32336
28515
27425
29036
10361
17168
27522
20715
8210
8803
8731
12925
31871
22723
25176
24941
15828
2096
7409
7855
5741
17277
13148
17550
13176
3111
253
32754
16889
3811
14736
18503
1420
29672
5499
25574
19780
29833
31111
13198
3735
3959
22294
20904
8111
17422
18159
3107
6292
27004
12594
2294
17602
16291
26870
4032
32348
30173
1558
2846
25048
1969
8075
10889
1696
5054
32088
15279
17067
809
15144
24274
22557
6157
25744
31887
25793
25824
9144
12634
32014
8252
21459
14334
3015
12503
29349
1104
31501
26223
8602
26673
17960
8556
13560
31981
7454
7676
16288
18741
23306
577
21019
21074
24886
10513
9843
27343
10748
11806
27667
5985
3799
26204
14800
16059
32550
29700
4367
29247
7725
3565
2412
32493
31963
24191
31773
12255
24165
3337
26192
677
10598
16647
28205
14835
28256
10138
19376
16349
4203
11934
17858
29084
21852
9709
7016
10579
9776
13262
25729
15165
29656
3122
7557
14972
21655
5679
15056
27084
565
6743
13698
22933
17728
3602
5869
28062
14292
13926
28985
20900
7926
13841
18026
6226
2323
2727
7498
17953
22313
21750
27571
3771
30594
22178
4251
3552
15716
18383
4989
32362
824
18160
19285
31308
27061
28853
19969
6348
16046
25
32249
12902
19565
32553
9323
25622
20629
16025
14220
16748
29322
5029
9570
13306
30599
26455
12787
7780
31298
2949
30682
5300
9041
22488
18128
1454
18590
11486
16340
27095
12743
16878
27259
21237
8837
13289
2277
8744
2548
9425
481
15678
27157
25084
12126
20041
22150
16559
3517
26642
16505
18444
6161
15673
1038
26392
21199
10949
27267
10416
27009
7822
21265
9690
32749
22521
9645
16185
1336
27908
3199
8106
26738
23725
6883
29521
28974
2538
7947
4950
21917
11708
30768
3832
19550
9853
6172
13011
19392
9861
31646
24489
6857
11903
12485
30906
16917
29614
3316
12055
18909
22987
17586
13112
19784
25063
3654
13966
4208
31791
16976
7733
2583
16698
12200
26854
12806
29412
26212
5349
1381
12656
14557
32452
22419
32659
17201
20675
9335
16016
20432
13938
6444
693
1683
4162
9026
22201
20216
2592
1705
6991
25575
13459
2476
1723
27825
26368
27873
11227
24956
5208
14389
29862
549
28016
9475
32419
26792
6742
28968
21976
29151
18356
5799
19777
779
27052
19208
30651
10244
25928
14293
23901
31800
27514
5830
21537
27041
21960
17219
3415
18858
24420
32481
28481
19839
23443
20524
32056
6623
5975
19624
16280
11067
15469
10669
7613
26133
23782
7011
4708
16882
8934
30558
13434
19273
20049
27686
7037
23911
2517
24146
9673
32651
9287
23298
18121
15613
17060
8798
10596
28471
9226
2810
19171
21239
7579
1194
13412
11178
30962
18602
21805
8178
19061
4990
28646
18171
10401
26557
5423
418
16492
6717
23828
12632
23967
13413
22060
13301
28716
8582
22213
160
186
20318
4163
30038
1333
2242
9014
28864
2632
30423
17622
9431
9214
13540
6974
15429
9087
501
4925
24572
2197
25939
9758
13612
6033
5462
4729
10085
15678
31800
24983
30672
8722
32420
29982
32717
2167
22950
19330
25997
5968
9349
13483
6855
29726
15309
27116
30688
18036
7855
28065
28498
8959
5243
14718
23267
27227
15412
27857
8633
29412
1452
23608
6783
13711
22738
4234
4775
14345
15920
16114
2639
9389
1262
29784
11728
30524
1242
32712
12953
26470
16478
19879
26380
4753
10131
10172
21165
10679
18294
18381
2417
3348
10552
19130
3630
9947
39
4067
1440
21116
28064
23798
21509
31919
31042
26796
12358
32636
23385
22817
9228
8249
2866
16797
18185
18090
19433
19025
18991
18589
16071
13962
7867
30192
28924
28560
23506
31654
31539
14088
23824
4203
26494
733
32293
6329
5336
2670
16215
21308
28346
15107
14048
12394
4553
29379
25582
19434
11657
25805
6999
10875
29689
13217
16739
3911
8357
11640
23772
21177
26097
4447
3822
13486
22638
27061
15446
20720
18739
2255
11632
686
21216
22079
24152
2551
23380
31687
24714
20517
14518
17677
8687
4776
20419
12833
23489
28062
13613
18071
14429
6022
28996
6470
20576
1639
4542
21027
2247
18946
7032
18441
31314
15204
26886
19214
32433
23982
8588
19936
13159
10657
18011
9503
29835
24099
4874
23133
27273
2747
18903
351
8200
11186
26137
16437
14932
4099
23444
28660
30015
14026
7728
12836
7916
32159
28528
27790
30284
18145
27390
2829
3506
31087
2996
29624
32555
27618
19396
14480
7373
11206
23448
22890
13504
29964
26150
28192
20035
30708
18954
32340
11376
16578
3987
25777
16519
30573
32253
11711
14709
2894
6592
14054
10719
26255
14250
13366
13832
4798
17450
1634
7922
5117
8201
6239
14326
22396
17509
23718
7309
29943
29168
5658
23889
29856
30974
22814
14551
11032
8170
30341
18283
10015
23615
1375
23342
15705
2317
27653
28817
22862
22279
12329
18109
2119
1363
29656
29643
13845
23785
3253
2646
8791
142
25907
27032
14202
4541
1983
11846
29658
6903
3517
4480
16515
28512
20017
13966
32500
7435
27550
14313
11689
18741
10308
4959
25667
12850
7609
28458
22548
32232
32522
27318
3383
27667
14035
3680
24360
4238
2934
1128
5217
4644
30882
23690
21519
9051
13892
25065
14866
24071
13298
25213
2070
5951
18900
1055
7278
10922
6900
27553
23222
8969
6251
10014
19104
18594
19549
8046
8493
26063
5459
6681
22842
211
2149
28650
24232
5515
25907
22926
18537
26925
15636
26697
23962
21257
21529
24724
18265
11553
32237
10917
13804
23720
6395
27180
717
4669
25170
15422
16694
20604
9824
18966
11319
25397
19293
1416
30577
367
18925
25435
20702
29503
10486
29268
25482
12176
13970
30125
8043
19044
17128
2448
1534
22816
1771
4777
4829
15211
24019
26220
420
24940
23104
8987
16261
14538
7924
15151
23184
17095
4472
22423
6754
9378
11152
29111
5255
20531
16666
29020
2046
24300
10943
25109
30676
20880
25556
8567
31956
14796
16865
6652
26992
31258
19938
8612
17258
11024
4981
32533
2009
22133
27098
2621
22346
8329
32181
2473
2101
24358
22620
18017
17977
11157
2414
30235
21472
12526
19819
8832
17128
1194
3529
31653
17547
8181
5351
6634
28610
627
1246
5782
32241
12223
701
15380
26787
17574
30259
26822
26383
23387
26825
11537
10452
18832
26205
659
6828
16817
10895
32108
14850
24900
3923
12879
22994
12476
26977
21335
21374
14665
13704
22682
17863
12006
25134
32756
20962
967
14888
13002
27122
19249
18903
2273
27533
17460
18626
999
6793
28567
1134
3215
20021
2186
9035
6030
886
19736
24372
27016
32431
25662
27430
8260
19294
21268
15397
18463
14594
23398
17062
15890
31084
2825
21267
24460
17180
15326
29701
30659
30347
7208
31547
19098
21148
24145
18762
5440
17605
27723
14811
4227
31284
3054
13476
17223
31703
8699
9425
19427
25340
20696
30824
6313
15444
26456
29665
7790
25046
31791
19287
32505
25310
23738
443
5686
30522
30822
8625
17345
28820
28519
15046
32127
6065
10333
4380
15508
28673
11462
1916
9835
26434
5107
26642
27413
30054
13129
32009
25289
31384
23568
10888
4598
31579
7793
20942
29956
13331
4056
25340
13362
20543
6950
6442
11474
20189
17677
18830
14215
11746
7854
6223
28937
10321
21609
32595
25681
24644
32007
19943
18310
1336
7618
10463
20435
28758
480
29167
2401
11599
10489
14179
8710
29430
25080
780
70
15414
7875
18797
8150
12411
22830
31819
24533
12882
12709
25732
8357
28293
24495
25936
2802
28153
8459
20475
15678
22785
7283
11349
25039
20886
14923
14835
11168
8680
8350
14832
28300
2632
5169
20336
32180
18177
17653
17181
15810
22309
7675
20422
20614
19741
26193
1168
2366
29544
26252
1762
31452
27484
28852
26157
10589
28245
5294
11760
16065
1881
19911
1854
25954
28270
19279
25687
11862
28626
26134
18497
20541
20027
12878
13319
86
19819
30865
1367
20179
14585
19502
8302
25784
25184
5269
31803
19334
31613
21154
9335
14131
14182
27921
15644
17529
29266
8025
26566
14255
21933
12093
26926
12981
2303
1318
12619
32221
21248
30559
28300
31101
15971
17585
15632
23818
29423
29108
16650
18850
8561
31911
2708
3228
17013
22327
12692
21037
25778
26076
27592
1445
29293
16473
24
2450
6535
9247
15405
1570
27933
30509
23065
3335
249
29386
2654
9936
7476
2800
26062
2764
30954
17827
31247
5815
29366
7665
25372
5438
14574
13946
27347
18023
8959
32403
25829
15588
10001
32739
6154
25643
20329
29895
25869
13890
16367
30585
23095
31158
11714
10264
25035
13542
3320
25469
29541
3339
7446
32524
14399
7757
26292
13542
10266
13711
21624
7943
5038
16828
6129
19140
1968
27481
3430
12636
13132
6826
5653
32509
15754
27363
3535
27782
5262
5476
16393
8411
16729
2313
1838
24331
30872
13960
8882
30183
3862
24108
25110
5708
13691
30033
30780
28095
10477
22209
28589
30643
4445
19575
13869
1364
9376
3132
25495
25928
9919
4322
22771
21770
12675
16954
3120
9897
25935
7771
22027
24330
10424
24186
16866
4448
32435
14863
30351
19832
15705
24736
1611
9744
2015
13081
23642
19579
31140
12919
11907
19066
21072
8090
3291
172
11481
4065
32282
2501
25083
9860
5831
27758
32157
31949
16416
32004
29678
4027
21677
27854
25131
7865
19724
11668
31534
12314
19044
1488
26633
19972
9830
13833
29709
29528
16962
6523
13388
21021
9364
15020
29380
12245
25410
21204
29096
17223
2641
3231
5506
26463
13653
8305
18973
5844
16455
7401
3588
4666
32602
670
22453
3553
6414
16206
17876
2640
1734
10322
16071
13848
27513
9754
30628
23283
15937
28133
14477
26406
4369
1778
10838
21710
19329
23259
31156
11767
25224
2102
14562
8636
19383
21216
29673
24440
11205
31047
9525
6152
5727
7760
21768
13269
12229
1150
16994
5711
30713
22565
5398
20044
29584
10313
10426
27510
27489
21250
27994
20492
19569
11229
17098
17844
31383
315
5926
15106
30649
8388
4745
20961
24274
1652
29029
23936
14414
12182
3330
6286
32326
32590
30421
17339
26047
29926
10402
19547
25849
20775
11049
1996
28478
14240
829
9055
15334
4600
25211
25892
9207
14975
11934
4501
20493
90
27725
22630
29967
26900
32691
20395
11469
9333
5207
21351
17885
597
4103
29797
27392
28978
10492
24680
15814
11721
2907
20213
19302
18130
19168
32344
8228
7898
13313
3819
7606
22177
22491
25646
20213
20903
11320
18142
14495
32674
17430
22241
25101
3238
13664
19647
28244
24528
8304
14370
31089
25103
6364
25730
11438
29493
23595
10029
16752
31524
22141
14931
11272
24867
28539
20757
10316
30725
25179
11067
9721
15226
6500
17351
17452
7864
10315
8857
16887
2922
21408
13479
28877
24980
3497
2510
29543
1955
20825
23277
30777
29599
4790
7292
6749
9535
12219
32136
32318
1019
29878
7888
17385
29332
25640
28108
15382
1725
14082
6866
15110
8154
12288
28707
1912
2111
741
17262
2866
1432
9889
19614
20758
29329
6034
1269
22795
32069
8469
29054
13248
12292
30966
14149
12563
13512
5416
15143
13222
30681
17610
9828
15750
26311
7180
12346
18069
18510
27515
19279
24290
16140
22718
18320
4669
27809
20233
3352
30735
19153
26418
10642
17901
22173
22013
3968
25752
17526
30392
5602
17072
8965
32578
11472
3637
25905
4140
19249
3400
25807
20493
16219
5772
20392
27670
12324
23468
487
24879
22546
19936
32619
32678
18644
10246
21583
14037
4545
1159
20013
22983
20324
3994
20582
20919
29534
624
8773
4847
14880
3034
10190
9337
17663
2776
23000
21939
6402
228
2188
29173
9210
4403
17518
8192
26932
1000
18841
5055
15472
4384
31681
27905
5214
26567
32563
2665
26877
2837
31628
1718
6001
6638
14062
7901
16770
27260
22883
28494
5185
30103
12836
1169
29272
15189
18380
12912
2004
4190
31272
24825
14112
29860
1582
12814
32024
17412
21630
16445
12789
19347
16076
13213
4325
32395
16704
9974
12967
25502
11775
16187
14039
31074
2178
9190
12250
1046
29566
22640
10860
6229
9686
9494
3122
2763
24403
8346
20742
12275
2769
6070
30225
28390
22351
30678
10133
28674
3063
1233
5021
31514
27404
31497
26559
27728
25392
9385
31026
2379
28249
3931
4279
24118
3705
26741
16547
25055
28692
6025
21617
29558
13348
19429
19819
25140
28291
28398
25632
17245
15088
11947
6349
6356
31130
1458
18624
11604
30285
20884
16710
1335
18949
6558
2301
27783
25789
19831
27800
5913
17028
6511
15362
13418
20163
4762
5387
10331
9861
30572
11112
14649
30283
3401
6876
31027
16282
3459
1746
17669
12083
28207
16869
6355
13245
1231
31337
16673
14582
627
15273
31597
4569
5085
5393
31385
6699
16145
25231
29838
612
4503
24976
7465
8477
11061
26219
14775
26891
4910
25002
14765
27037
5705
7078
17353
17500
5568
8801
5057
28467
19483
11199
26137
2795
1204
19494
12091
16776
30990
7711
15829
2261
3580
22961
17444
10388
29067
27826
3281
30755
825
8370
10859
27405
18614
3971
9198
31925
10418
17528
900
12253
30165
14797
29402
9119
21310
11435
10766
3216
32748
24182
5923
20823
3653
29232
23686
22247
20383
18085
27300
15420
5652
29180
28464
25373
8486
21740
20404
17546
5484
620
974
31236
25260
16282
1620
13768
1541
18650
31038
20559
30772
28389
18404
6174
22382
16215
30275
18422
29351
21880
25124
2366
5878
28014
22529
10626
6964
2218
13831
6312
29836
6558
6023
22919
8487
8757
9671
21835
4982
3121
14023
20180
27226
20674
11408
17860
23219
27289
13446
25162
18731
1766
15362
24204
464
31677
8476
21131
10405
28820
5561
32024
19291
1720
16162
24769
20305
27280
21430
12396
13910
22863
31031
17715
11977
18340
19173
26376
16457
28385
30936
7468
12727
30480
29203
28670
230
15939
14811
22003
29035
23045
13781
13657
17953
15781
28349
13539
24134
10332
814
22744
24036
11380
9758
32646
5468
10532
26265
22302
15946
23656
17760
32267
23243
2671
26309
18970
22900
30375
1464
22879
74
13768
31570
31496
3262
20135
9384
24407
24835
28827
29726
26951
30858
13668
29134
2903
5129
30397
6065
24859
26165
23695
31018
514
27061
24190
4950
16434
24985
1350
5752
7202
4184
24157
24130
18698
10125
9152
29367
10735
19297
8915
23951
26527
15295
8591
12079
18481
32741
6766
17160
9787
21611
18519
10904
14906
4960
32554
13515
2100
23475
28521
18969
21538
15924
16481
10736
17601
22746
29348
25189
13592
12508
10881
19663
16669
24065
19304
7366
24454
14968
13366
11210
29070
19500
5949
25672
2571
27412
15782
11037
21806
30741
22784
11854
11273
9571
6002
5804
27110
7463
3214
1639
26696
31961
13915
19129
32465
10751
27566
10717
9894
31778
1445
3059
22031
4236
11579
23691
21778
29241
20595
24027
30429
21332
19442
18372
24582
19583
11194
15190
5663
29110
1515
20451
20532
28187
6554
13080
28283
24816
10204
15173
8288
9070
30172
32060
15285
426
31650
2111
23703
25830
20701
23740
4475
9215
13819
1597
3809
19915
12256
21829
29815
454
19554
28830
10171
3935
7611
22476
19051
4928
14879
9608
3151
30932
21289
29790
19893
11517
23265
26041
2070
20539
10887
26513
22757
19495
18912
26304
25365
13521
15899
4539
30137
19773
4973
25889
12138
6603
14411
19333
20823
17769
16486
3260
21020
3002
24607
19806
30769
32500
22108
32649
8203
5854
4066
30942
3724
4731
30089
12554
8186
1733
3921
11777
12944
27129
23072
10100
8610
21106
22041
27077
3235
28885
7312
20382
19421
22274
19757
628
12485
23576
10150
26026
21330
6884
10565
5219
18559
19281
27254
8596
3223
16422
11090
5417
12030
26601
32725
1229
12178
9470
6265
28768
566
24969
31668
10619
3908
30164
19904
10038
10342
11015
25489
4496
24689
2527
22225
31156
15774
28023
29608
17360
6910
4496
11300
26469
13752
8137
23779
21050
5314
7222
8030
5853
28818
32745
19890
26259
14765
31751
31557
497
1036
774
26280
17906
25467
25108
3252
27019
20924
8981
9986
27364
2272
20033
5638
24428
10395
7081
21951
4809
12865
5427
32365
12461
18134
631
4961
14238
16054
22521
22228
32376
29288
8067
30446
8962
20025
14886
5732
25025
30006
11737
17544
25696
29227
22967
29928
24700
29786
1202
23498
1241
31418
11101
13672
8759
2682
14965
20107
388
10229
13282
27538
21854
13825
30319
19573
2888
21667
23268
2578
29748
7545
25478
7297
5263
6546
18213
1958
9488
19280
22150
25089
32371
13478
22563
8030
9366
27645
23792
23018
8257
31880
10831
4754
26558
16531
32139
28787
28716
17735
18129
29809
28578
21467
7121
13060
30614
3223
22800
11280
30499
3005
29626
14352
23327
274
19546
15530
2092
10270
22606
17380
26652
19542
21680
29704
27149
9534
9227
32512
21023
24784
3593
30536
21246
29317
32570
3618
31515
27860
31966
6203
13995
24322
3620
31128
17961
31900
10156
10648
16058
11716
31350
30837
17155
20774
13414
4509
26333
30645
25771
7481
27942
28941
3322
1789
817
23227
31305
22763
18765
20863
13987
960
32605
19581
12324
14609
14888
9386
24253
9401
27673
23556
26699
5041
6432
32726
32697
22849
12989
19386
5375
22189
17423
4015
18035
6942
8790
26995
2870
26513
5703
14108
12961
29172
470
8061
3750
22417
13142
23133
6408
9870
274
17286
10255
4265
9096
22718
3759
26074
29048
23931
31658
7773
26528
11676
30952
8920
7120
11529
17738
17035
7152
1138
4170
20290
17609
14918
2903
25568
14939
9526
11340
29754
7280
26439
10894
29312
3598
22492
6293
32487
13245
7538
4013
27572
17258
18825
17604
10205
5198
9443
1705
23703
29976
2522
19033
1568
32280
3995
15873
10114
32509
20312
2181
22734
3473
24052
11942
8947
15675
30437
4198
17066
21299
97
22567
24890
28524
7894
11941
13728
12846
15911
4059
4855
4022
5958
25204
579
1413
1230
27801
11380
23724
26141
4566
3908
4978
21740
31923
17473
2181
8863
31891
29067
3055
1253
17261
11945
28351
4463
17464
18559
3533
5593
13542
5540
4325
3076
25639
10452
9873
954
21181
14894
13686
32624
10824
7928
20585
26789
29117
31058
1843
11487
3245
9911
31899
3550
19952
21539
4776
245
5681
5183
7893
11585
16132
1318
32056
6716
3073
29480
27880
26123
25047
18932
28557
26427
15651
1960
19776
29713
19136
4230
2224
32131
24928
24818
27141
2748
5880
628
11452
5623
1745
5430
1975
16308
13129
19015
31110
14907
13670
18339
27982
31368
31827
6590
19624
21737
10064
13598
30408
13998
16686
16477
2614
17343
23147
11264
26306
7489
12884
31914
19773
9812
12110
20955
22878
23154
18407
12523
22518
4259
3814
29152
12297
3201
17625
20411
1713
13468
22530
10879
24232
21636
4911
5666
9583
15035
31956
26542
29630
31015
5803
31984
25796
19176
14234
24319
12080
1407
3836
5633
31209
27349
19739
16299
773
29677
28580
17309
25442
26808
23168
30550
30406
17285
26769
32588
9244
30845
18805
17391
11853
4134
26713
10595
20374
2178
2216
14417
13353
7496
1433
21973
14957
6235
19538
22795
17660
22742
8954
21906
18892
17372
6197
1550
6349
9839
19104
27071
20476
15185
12105
17706
20353
16384
30565
18053
14576
22531
8379
27660
7926
28751
17797
20556
26285
27340
16314
27148
5818
27261
24234
3335
17009
20404
13246
23960
27386
4771
11749
722
10754
29552
25906
2307
5611
13709
26260
14722
725
14293
16301
21937
27546
27830
30521
27770
1766
24684
26928
26272
31260
31544
5297
16145
31851
26415
3631
31178
18893
11604
29355
13650
5566
12909
19469
19559
7773
14332
17420
25414
6864
32447
13662
23621
9005
10266
20731
4531
28850
14333
30916
20551
16580
28002
30946
10009
30665
24485
27384
31917
22172
30793
3933
21960
4624
7515
17559
19484
22410
21718
14987
31287
26482
7001
11259
2560
10065
20327
27938
15843
8424
8858
8609
21676
18864
16
496
14084
27002
26665
17860
17028
12358
17750
27660
18562
22129
16257
2715
11227
211
11248
18592
24393
5111
31858
13231
17162
23148
2262
29928
15067
18519
12542
18086
24128
26554
22408
12774
31682
31251
26944
8906
19060
29869
27805
12545
12841
30068
485
8522
16110
19830
32374
32361
7229
27081
12272
25870
5086
6066
9424
1318
27788
28432
2954
18669
31626
10604
4888
14828
14352
4537
16892
10956
10295
2129
17063
30196
12734
18831
14081
16118
15424
28596
26013
4884
16649
25548
3881
23472
31333
32256
2135
758
32306
14778
281
1003
17725
1733
25758
31668
8159
3780
19809
18839
12291
24437
9758
9897
12790
8317
25452
5735
28687
13101
15229
25575
23432
16344
18369
4893
1471
5939
5243
18757
26099
11578
4952
5141
17275
8056
20731
21136
31338
10230
5491
16209
9834
20615
2425
28966
784
13314
6198
1824
19966
28082
3047
3835
27942
7796
10990
13714
14850
25213
27235
24362
16790
20582
13714
11760
21204
950
20043
27534
26144
22468
1119
11914
26935
31631
24228
5208
26627
1621
27611
24947
14069
6624
3315
16801
12619
32260
9268
9383
14062
12571
7959
17104
17035
7292
25128
15452
14827
25070
21266
6091
1884
3461
15162
27382
13319
32501
812
1814
740
10938
31025
24397
19278
4863
6055
21718
15781
31529
5220
20483
18009
29282
19438
16968
20311
23433
952
26480
17989
266
13868
312
6206
12114
13888
20020
19234
12434
30866
14285
21119
5798
30641
10282
27160
23232
22227
8479
26889
4030
25453
11614
16778
11125
9885
6217
6906
6552
25352
31687
1920
1783
14188
18789
5954
18855
4649
27570
27704
12619
15022
30657
19204
9747
15032
6065
1051
24364
11663
12087
25822
6836
8674
28542
10284
25607
20143
4309
8339
13140
3750
30979
1363
12602
12269
973
25877
10546
7789
29647
27303
10086
16655
6336
20388
14666
10260
9200
17219
2415
14951
10319
15146
30752
16748
3680
21265
18778
5673
3023
215
6475
7549
31913
27410
27064
13636
25883
19030
22746
28951
13611
26149
23653
1690
28817
25367
22124
8825
31243
26470
16586
8224
3913
31132
20529
30583
3857
8401
15900
10161
6845
21738
30237
30961
16313
8221
7380
27225
10558
6088
24361
18118
17602
29527
168
7538
22244
13746
18281
25079
24695
14685
3621
20709
3022
14065
6766
24780
15626
25004
3182
8100
19213
1391
20351
8262
31739
24843
16618
1734
28693
7192
15069
13329
12414
6032
30324
16379
12620
20373
8226
13068
3551
13195
212
28082
29178
10059
7010
26536
14658
22694
2791
17499
8670
9935
658
29644
15486
11360
8042
3159
4363
21602
20305
4109
19117
10919
29444
10535
12916
24105
6428
25302
3661
10239
22220
24750
24262
2652
16142
27294
4465
19143
18504
28393
31743
1952
8955
17444
32342
18104
4949
3062
4799
11577
8293
11719
30420
2821
75
14433
7210
29199
25002
28757
6373
30819
2278
15575
1595
31185
19766
1009
28474
2072
5247
10397
29712
21521
3126
30002
27208
26979
31756
15610
31011
9680
17277
21133
8610
23629
18143
30652
20527
29262
29525
133
3659
28080
671
5952
30848
13743
5340
11282
20074
6335
9072
7270
3687
4280
700
30227
29565
27249
30068
2078
14500
15789
18137
677
15422
4392
28515
11491
18573
27832
4986
6452
18081
3952
11871
24302
10384
19168
9052
3998
13933
1599
23439
28455
13639
15359
20299
11618
1453
31287
7434
16026
28234
472
16033
30560
1551
12334
8831
28976
30308
29230
32079
18028
25255
10464
30318
12480
1538
5526
14318
17635
13064
5378
32260
8792
19385
12047
28982
17294
1385
7008
24017
32695
17286
21053
32714
19540
1730
22784
28470
5591
28532
1694
29947
21608
4010
29628
27533
30403
5284
1615
6915
14578
13962
235
21665
14327
18969
23243
31038
3144
30706
2131
2914
4293
10906
6546
32497
15302
32011
32222
17522
10628
26343
18493
7311
28400
26711
24442
6673
5287
26518
28263
30890
1864
30651
8217
24051
8642
14013
21372
16717
4479
9907
22209
2895
5624
2222
21619
2645
16545
14027
13797
12070
17298
21728
28657
28433
25045
12053
26288
4892
7821
13753
4784
6474
31057
30778
24307
4275
24998
24867
15999
15469
333
25527
9197
3179
24681
5222
26363
19395
27616
18304
20841
1608
29562
8742
14988
2973
7430
26721
15045
20099
24476
2486
13630
21439
30681
29626
25295
7015
26058
25900
21901
26877
27281
27289
15524
27818
6860
6898
6652
23193
1652
2091
1421
9643
31161
9833
20922
27346
4318
10333
15318
20498
20905
25458
5461
24403
27236
1920
16375
6026
12371
29528
25290
27220
2142
4673
14363
24879
3179
18128
10494
31505
13835
2312
2675
12431
2370
13112
30801
6881
11323
31873
29417
2172
10931
27936
15197
22869
18392
12314
1035
256
17885
22099
12485
29899
1133
15872
30571
15950
23877
14548
2027
15621
5591
10980
13855
20197
26588
7441
25733
29376
11379
23092
32111
16635
3226
28229
13766
15023
23896
2771
21226
24570
1307
9764
21901
456
23337
26788
14144
2821
10789
26897
2439
1228
31119
17926
13531
24878
1025
9735
10999
18478
27812
13772
19881
28894
21848
22423
20672
25293
15618
3482
15148
12463
19026
23982
1860
15983
31971
19620
21467
20260
26839
27590
30250
18157
25403
10202
8550
13212
32038
20631
6042
16480
9293
7011
23651
15645
8214
30141
14793
21038
5633
11460
13421
1725
4652
29185
21813
11704
15125
29954
18059
22688
28812
6120
32227
7531
19960
4588
21896
20431
19302
26970
25556
27515
7584
2199
6622
19589
29646
10477
24404
20501
12203
12770
303
24651
1511
17289
9827
5862
21829
2796
6515
1198
457
8692
6338
4703
28849
789
3812
23227
11781
5254
17397
13335
28669
26575
21826
19393
14115
18630
18538
31626
7577
27820
15867
18256
17794
21050
10731
12119
14765
19972
1473
27612
14538
27023
27233
26283
3043
2912
23388
2858
13490
4650
31518
11416
23780
32062
25501
12265
1192
2035
10442
3595
29880
3980
14168
24176
27056
4337
2503
6981
11004
27022
3106
4251
14449
31051
27278
29381
26514
19042
747
21932
25101
25040
30238
11535
20982
27634
11982
27917
21532
26283
31312
31122
21011
10444
19693
27510
12281
10078
9386
554
12986
7243
28085
9885
17308
3457
18001
12704
10572
8062
23356
17395
29260
11450
28139
28065
8663
4727
1853
18914
30732
18879
26339
1718
10912
12687
15893
25181
24836
13719
7777
4653
19952
32346
26231
19313
30682
18568
16169
16340
10408
30073
19070
31315
4599
27527
26976
15034
26120
14856
30014
20636
6055
8579
14521
28547
263
5910
32
25271
9777
28663
2427
30121
28586
24140
9778
26393
13773
23214
13685
14518
27097
30809
18179
32689
32107
16153
5628
16590
1503
2535
13996
14739
4774
20647
13943
17406
13952
7057
32613
5665
13579
26497
19340
15656
4596
13684
30737
24037
11772
8312
27820
15800
18979
12286
1322
16801
550
28168
5812
10954
28515
28904
16948
18301
31291
27625
16820
983
19589
2014
20242
30424
4855
22143
23186
29995
14243
24659
19743
22168
25823
22781
10066
30959
25057
7580
7944
21533
24128
14746
30397
23256
32308
29507
27232
23098
16382
17680
19935
26199
19732
25551
23801
32245
17249
31626
2457
4102
4317
17852
12928
13883
18302
9554
8547
20675
24129
22593
3639
20781
9811
17308
24122
27888
16044
5667
24954
30439
3900
8729
19581
14634
25832
1966
12009
26553
12095
29975
32276
6870
31144
28878
13405
21957
13573
17486
14843
8116
14812
15447
2356
24726
1856
29943
16189
29091
31675
9840
6718
106
17379
26464
21111
8518
22202
19943
28653
26507
3099
28507
24923
6700
6409
1547
19582
20709
5181
2219
24744
21003
11101
17244
31186
7997
920
18578
15123
684
23432
13190
20644
17443
15688
31537
3985
11303
17168
16479
404
4592
12803
5909
21764
12236
21413
13478
29966
30310
13089
3778
11091
14744
494
11869
28464
25271
26591
27411
25389
2542
12039
22867
7320
24323
10985
17290
18442
1778
3014
5355
2196
25327
29163
1309
449
7835
18340
10908
27403
28436
21840
6529
27414
24542
31995
14039
4196
23337
21101
6811
20954
7414
5552
19616
12447
20322
4966
15232
18301
7462
3492
2102
17066
29086
2459
17166
15372
11938
8277
21799
9330
2321
28108
3787
20011
20211
27072
8221
24044
12424
4632
31036
17637
24505
2906
24565
27549
25483
19655
3428
9213
9098
11161
2227
27836
6011
17546
26398
13187
25700
24803
13658
24585
26289
5273
9332
30656
14332
17437
17184
15039
15899
30561
21796
13517
17255
13242
691
5704
464
15861
24591
3090
8537
32481
16148
12633
29218
19897
26673
19273
15239
15154
23537
12838
9174
18970
23369
11335
18187
29956
7804
2904
8196
12624
1284
25692
12205
3115
24063
6317
8960
11184
4156
1772
19094
2508
5173
14394
17457
24249
20575
10902
1642
17570
24052
31944
7480
28225
27000
22971
4523
29896
18049
13694
10936
13163
16899
26290
8559
6839
23742
18652
16558
8263
23080
29805
10135
12884
27382
32258
10832
2576
12776
16466
13687
30710
26711
17529
20953
14005
28644
6808
32533
8319
9066
14703
10967
9903
13194
3866
23509
19858
5694
29562
22872
10705
32721
8637
23539
32298
6441
5868
9017
18794
24463
11364
22135
4923
26121
4135
2286
6030
32390
7167
22401
17844
16071
13542
5804
12433
8947
5775
31408
12243
27973
12654
20964
23803
19781
6821
16291
25966
12422
10231
2576
2812
21770
21154
3949
14911
15015
6165
6866
17633
29397
30037
189
24473
5895
2397
28008
30331
12133
22310
5027
6955
27412
29642
15908
8379
28348
3407
19003
16849
15998
23745
25893
785
6037
5755
22064
11
9545
28991
22387
30985
27030
25983
15157
18381
25137
428
24701
10161
7588
8349
32553
23089
19622
20186
7977
675
29141
6416
15843
28641
15302
19827
29270
285
17594
27416
24650
11080
13843
26405
6497
23677
9737
16419
23396
18070
23651
13723
14367
2957
20140
4337
9366
15601
21199
11316
14773
1049
1284
31156
10947
29311
29799
12428
6528
10297
29212
20678
25408
15290
32222
18649
14225
26435
21699
30106
5972
502
5100
27944
30578
17774
24882
21541
26454
28033
20089
25939
21271
1737
24830
5742
1039
30614
15452
3144
7410
30462
21941
1222
22682
31978
23150
21398
26843
24957
13174
7342
17649
4443
26743
25413
32162
469
7077
27321
11446
807
348
10841
13923
31296
29420
19388
23913
1803
10763
16644
32766
24387
32128
7254
15983
23013
32089
12307
25006
7936
12946
16777
8785
14449
5089
19775
1082
11954
23492
21860
17231
19794
3716
30774
3709
1579
17089
27860
9605
18785
16984
25310
27506
2564
30083
496
8261
10672
4803
20578
19479
31459
20278
2134
30432
7519
19895
16608
32304
13984
20928
5776
8671
21928
5476
28573
16371
27152
28146
25495
10224
29307
10991
26241
10330
10430
18943
28668
17907
22844
19360
16686
6039
22134
19746
27013
23060
26164
21910
10802
31147
23261
16115
24734
12333
4151
7766
10561
30895
20484
10841
2620
19973
3906
21136
17253
11567
12172
9648
5604
23880
1176
19418
29653
19620
30425
15340
21804
4173
31389
19827
8287
28983
32002
27926
11993
10448
14616
20308
30701
478
27006
31484
1627
20017
8704
9717
15812
12195
30980
31144
2753
5621
15131
19408
29072
356
18963
25176
18173
9676
24656
10487
23630
15798
21952
29935
5873
18571
630
28374
27004
26887
16126
11161
8215
20375
32505
8389
23518
8680
6722
5479
15485
12433
10881
8740
28043
31651
11180
4620
9995
12909
26017
17962
28290
18447
23874
1922
25626
30003
8383
30109
30275
16906
29465
4684
26015
20176
17840
31966
6305
6132
19949
12235
28349
27326
7707
32297
129
6243
30740
21522
801
24032
19103
20852
20966
15246
18364
29739
1552
5789
24937
3500
30462
11092
22816
16897
22167
2111
18565
754
23010
956
28549
17811
18644
14159
6081
28842
1702
20605
9026
22965
2990
4693
14881
11510
24571
26045
31300
22494
14723
9689
23776
10363
30658
859
19262
2479
17327
8328
9439
19598
15688
16904
24015
14333
29264
31169
4451
17120
21364
14987
28280
14849
29789
12807
8867
17794
19237
5362
12142
19447
16008
10673
15283
14205
4040
18046
30488
2479
25753
29337
31390
7576
24843
15574
20413
18486
13452
20767
27255
30336
23933
30309
18649
24232
10867
18478
6352
32153
24207
9672
30362
15397
29959
27290
10510
3325
16718
11547
19399
2167
29862
264
15628
1355
13403
32693
1857
1460
7152
5688
20285
18243
27577
13297
8474
24910
700
19771
2567
19056
360
29461
9254
12523
13447
27343
19481
10130
16475
11046
12529
5481
3359
20158
8602
28957
28107
11868
7826
23393
21126
4066
17937
6780
2533
8527
13396
13953
3682
4412
24005
10397
5600
9740
12160
9778
21299
6461
20043
13605
18334
23580
31515
31784
5604
10354
28139
31821
14767
10638
5341
31579
5187
19258
29813
26127
850
26726
15429
7037
780
1144
30641
16252
3864
22640
873
3330
22767
11473
31433
25767
30059
31378
27283
9634
22314
12113
29712
23753
31868
9584
27695
28081
16173
25690
6237
23558
2662
14567
22970
22961
17688
6698
31151
30331
20025
28248
15208
7627
18326
11784
17850
10379
10692
14536
25441
13735
18402
7494
26557
18625
30846
19354
30936
23642
28326
30455
15029
2315
28280
5137
23840
15651
18509
32141
11948
30523
26570
21483
30107
7203
19235
14722
2481
13396
15747
11825
18378
26355
19553
3557
13353
19269
26510
14198
21235
29002
8269
11292
27188
8148
6556
22254
25343
19256
21894
5373
20239
9560
7457
28821
3612
18911
32765
4523
5245
9457
24098
2145
10656
7790
19238
16302
22348
32263
511
5134
12202
3349
30390
14646
11517
14087
2848
32245
5965
7720
8898
5244
16192
24091
4521
18910
19819
16025
19429
32117
11599
4583
22664
14294
27249
2242
31180
17864
2453
1494
24114
29593
22310
18281
24747
3836
31303
20064
30647
9418
29942
19454
4877
4745
2358
12750
5356
18149
27990
26899
5325
16132
4178
3555
28725
3011
2078
18570
26523
14941
15519
26030
28807
354
9579
28335
27536
13133
10212
21381
24567
20108
31905
15151
12305
30015
10424
30449
31239
26532
24065
22475
22054
1970
18712
24418
1513
22537
22784
17369
32197
20093
5106
19674
8425
2452
8110
2673
21183
6672
20948
10206
3416
5462
29475
11326
19005
11799
13002
10479
24249
10901
20533
6415
1462
5323
29312
5118
992
28550
3687
5257
6857
26187
21033
18507
11459
15504
19223
11885
23298
7244
24088
14324
22984
22725
13688
13469
2986
22177
9641
4465
25990
3486
11630
10653
15303
30167
5566
26724
29860
8698
5250
25938
2551
16888
3354
32157
76
3632
26654
19568
29886
5968
262
21762
12253
28496
28176
7753
29771
13431
16068
8593
19625
13266
16044
26547
15889
21505
19516
3168
14580
16927
18820
4077
12160
6484
14971
5054
23621
12342
15274
15112
7349
6904
6947
24634
25014
32277
4589
19468
10901
26242
164
5044
23664
11019
16862
13888
21602
5566
31664
20441
21845
32211
14488
21921
20084
32363
15047
4063
15928
6952
5987
19710
12853
18711
2056
28376
23451
21682
19122
8995
28789
14818
12430
20267
31037
27084
13485
11536
11818
31
21211
7646
25753
28224
26595
20471
8725
13778
4541
23629
91
26552
11757
1053
6124
10781
9455
10825
22815
12328
15521
288
27397
11082
22681
10409
3215
7431
6804
11752
12156
14173
22924
22967
22796
32710
25435
24952
24079
16781
104
1069
21401
18455
23472
9627
24294
24921
1482
8762
25647
25932
300
9153
7824
17643
16987
21613
14939
17728
7042
6502
6302
23321
30741
32661
28562
26223
7379
26261
25283
19310
24678
15712
15359
17539
5622
7516
6636
8300
5153
31905
23077
1595
28397
5505
4274
13379
6749
24546
17016
22304
30551
4523
24848
2786
11476
24945
6124
14570
2255
25198
13217
8571
4975
14300
6670
13432
26902
11447
12789
20543
19512
10657
9459
4038
9695
30826
32576
17522
29215
717
18399
15243
5122
7704
16839
11168
24923
7787
17872
9684
21184
4448
8915
29966
27477
19781
10392
24422
25518
1943
9814
17654
10580
6629
31336
11528
11792
14071
12937
18528
423
21026
9562
4109
28616
29700
28563
8013
26875
18430
5352
21595
14442
8877
16400
31288
6507
9102
21159
7840
23248
10477
22088
11920
14062
3948
8795
26818
24496
19642
459
25986
8744
20667
18001
14859
23131
13270
28338
24792
2368
11608
759
12947
16977
21717
3211
30616
2028
11896
27648
17661
15644
4582
9532
13551
15341
26633
21995
3761
24637
11097
10672
29661
3237
16399
628
11646
24749
15440
8011
7435
31543
31338
29048
20503
23652
28701
26900
17298
755
32685
20600
5700
11238
23148
32691
3852
29145
1137
15511
11896
26904
25319
7690
24337
983
12525
600
22803
24025
18795
24876
10553
32389
16883
27318
27238
3792
30974
7297
32221
24054
27944
27546
13801
2706
10803
20103
14131
3381
10642
14693
17851
20079
13473
27603
11807
12884
14925
552
28181
10851
12020
6734
18421
22276
7891
9218
22366
17888
6674
3571
29090
1945
30789
19295
998
10000
30431
18174
9628
21379
20428
405
24167
20145
18108
7165
15677
11656
16046
23744
2788
30909
3514
1389
6932
10004
1703
32290
9615
29451
11351
3561
1642
18220
27445
24152
28971
66
26031
30751
230
14115
6355
1928
19300
13759
20163
21196
22924
971
26956
27985
1390
13584
19432
737
31843
10391
1572
19874
1541
1226
21444
16831
12079
14715
25575
9839
5265
12673
6684
8464
30343
20274
24412
29550
12570
15289
12252
28313
10090
3145
20475
30434
3447
2215
30418
30729
1780
16777
26041
2684
25046
17569
11223
3625
29912
2407
4798
14120
5122
14761
13639
32113
9406
15697
12236
11454
6685
19955
6112
17893
25119
26835
15685
4549
26136
26880
2572
5994
3206
23823
9824
6391
8995
11625
1221
29433
25016
13881
22106
19436
15675
27902
22624
4759
3289
18232
23598
4821
4198
28765
28106
9333
13073
22175
27599
32509
15191
30643
19641
21131
4993
14977
16021
20122
28893
24727
5501
7874
13793
10704
28570
2900
11263
24305
21370
6209
20391
8371
8284
2009
13544
31913
4144
5635
14678
15399
23580
23426
13547
10663
23264
5143
4511
17230
18295
28980
28388
23074
31048
25776
31180
3343
29827
11802
24040
22164
32269
7898
20224
16572
2593
292
8937
5614
26718
24630
17058
10403
22034
10774
12988
3032
134
27501
15895
25257
14520
11007
10291
3189
25002
21471
8775
4580
6613
20726
4990
20253
21584
20463
30473
4475
32670
5133
298
22672
30039
28523
25260
31118
15072
11421
27953
3616
21903
12854
19724
7591
10543
1058
12020
29540
11328
1467
23148
871
14862
32393
4519
16848
841
8958
3073
11826
22859
15038
15403
3312
16181
5388
2698
12143
28807
10644
1835
9375
16368
30846
21170
3085
5645
16519
9362
16839
12296
25463
207
18669
18653
6022
13906
22822
11971
24748
28770
13870
20663
7417
4339
24272
3041
25268
27250
27809
29077
229
12744
27465
9682
13871
21261
2290
11620
28707
864
7183
31259
6562
15365
7045
7593
31008
11780
26421
16733
3428
15695
6366
25047
26871
3091
13186
26826
13990
9453
22550
16590
2065
11722
19758
31461
21623
28090
10074
16117
26089
17991
20833
24752
2543
30723
10749
18880
12943
2071
2993
15342
7428
6608
31633
30190
11532
12677
474
13511
25748
2900
7066
26369
23657
25365
17970
16299
31747
8149
4125
22333
26876
276
9359
15685
25326
10720
17736
5061
10040
4769
11732
29061
13667
7985
24755
14698
9199
12634
2372
27369
32447
11435
30864
29715
8213
10621
9023
26996
9452
27946
15617
20917
31914
19322
5634
14552
12494
27990
22556
15557
27961
32234
21561
8758
5494
5513
2099
20024
24378
19364
11701
7971
7162
1367
19217
12603
25404
25134
5997
23551
1106
8405
29841
7810
12180
26510
17913
9570
13262
3968
11698
11022
9425
8139
259
19956
24169
16850
18174
19851
4944
10588
26680
27178
20866
19810
27152
31664
31952
30838
405
16609
16191
19428
31631
20504
255
15711
14763
9451
6442
10673
31365
15713
4911
6613
5030
30634
7736
21409
3620
31351
17961
14390
23037
4572
13212
10849
11967
32238
23026
22297
27666
20915
30064
5564
23471
22042
21892
13889
8276
29236
17250
27036
28689
10140
31574
32194
7689
1018
12731
9999
30198
14574
16410
25207
2483
100
22933
15670
12091
24590
2379
27458
4717
30126
28278
17464
22882
11707
29364
6027
29571
7749
9805
18405
13815
4266
22835
4937
27638
30886
12726
14726
29191
20675
23447
1583
4025
14019
11143
3281
9815
807
12579
32013
205
2757
28922
20671
23566
10656
12476
30346
17710
6331
2146
31298
9080
22174
5149
16228
5888
12481
15288
25025
22101
27520
18001
29681
5071
30604
15082
14478
21346
25849
21254
16734
23821
29974
30266
31984
27558
25015
2263
25232
29664
25136
10558
18342
18211
9210
29132
5682
26641
30664
14194
5079
20552
20019
23470
31146
21378
20358
20660
23627
26823
20644
11664
1764
8236
2217
26049
36
21300
28142
20114
13203
15167
14712
11202
20154
4892
10245
32635
11024
26192
11452
2606
16650
8464
6315
6399
7627
25318
8568
25205
17515
13717
340
10079
14979
18186
211
11496
23554
30736
30544
23091
19361
4437
28917
26653
6029
10582
8253
8248
1954
29500
17578
17745
5563
20764
8891
5474
26259
2230
10263
27934
20897
2962
26013
18970
29502
28494
5323
1113
11448
10168
664
21818
22067
27881
4287
17993
450
14324
11934
15203
199
20984
926
28198
7202
4357
30503
2518
30382
27832
1332
3531
8149
18
26413
29290
11852
16454
29624
23819
3538
23119
19843
293
21925
11702
8034
21394
1336
9483
1506
404
20930
30068
8622
10893
16663
28255
6826
27209
23507
5736
24013
14408
19774
14848
13606
5845
26483
24948
32509
27634
2252
16068
30866
5659
22675
13805
17782
27070
32019
11815
30683
27555
26104
12012
10925
26510
10411
25386
6866
25765
23085
30012
3139
16311
14036
15662
6308
1561
5725
26667
27789
5496
31501
11422
9652
3366
12496
7209
24402
2462
26598
13684
20866
24258
28050
4045
19531
12919
23688
28209
16209
29923
32531
16393
24102
8990
11354
3536
17130
7469
12074
25618
14682
10950
23316
6226
31567
30011
21737
32562
27756
11685
32123
2542
1865
8643
3254
4018
30369
23553
24045
26456
31644
1175
10648
17382
18453
7878
30169
8395
2776
28398
22770
16597
31971
8721
31474
12880
28142
25866
13359
24191
5419
17129
13769
1867
21992
2843
9308
16731
9882
263
9768
2294
24001
31886
30416
3983
24060
22488
1939
23785
6578
2976
14845
13702
26217
28675
28365
19649
12715
12566
27083
11781
11249
1637
28327
17728
29575
17216
24042
26008
3966
5306
25317
4771
193
16083
19718
18820
10774
1264
3816
4450
8429
31018
7017
11490
22157
30182
20741
4029
25206
16649
22462
281
586
18302
10079
26390
30712
8737
8463
2672
20823
4191
2358
9429
12148
25206
947
15301
10431
2583
2480
14325
11115
17345
12030
10153
30525
28862
9127
27545
10464
13359
5090
1047
20022
12851
7093
3464
27818
31397
14281
17378
19014
8827
3907
15640
23946
10210
24456
29068
18709
3443
19424
12416
3029
174
10303
9584
32668
20606
24947
11972
20689
7881
12095
25781
25077
8889
5993
11710
20413
17080
16632
23494
17255
26661
11716
15310
23682
13197
25836
1909
28035
14465
7761
27928
6152
23827
17779
17154
19269
2828
16446
29944
10128
23240
6402
12865
11537
32077
13779
6307
24848
26022
8151
25540
21960
4460
21519
26727
23915
11852
30943
1517
2589
8912
27857
27381
11327
30984
17294
4096
28954
2657
12350
30299
21085
24603
30156
29637
27139
28737
22600
16577
7489
27593
17754
73
30703
24144
15764
9688
14281
19345
14455
23888
24409
26033
570
30187
29015
25295
22896
19826
15117
16768
8149
1267
26225
2313
4660
7485
19550
15613
12455
20594
4070
5584
27619
14930
15960
13308
25171
32106
11130
28574
11716
11873
4249
4486
24952
25530
5240
25543
4779
2883
2033
489
15069
31090
26434
16698
21908
26103
27947
28658
10582
637
29358
5263
8043
12927
17657
19969
16906
11525
5751
21051
13674
7900
22812
7697
11625
5996
11598
8024
28852
9286
19192
16518
23982
8336
708
20558
228
26353
18321
7007
6353
32457
5066
17911
21922
27270
102
18340
19952
24665
24026
18363
28520
6078
12753
30290
26119
23173
10539
17937
4308
4827
20012
21738
31150
8113
14535
12596
20061
12847
2932
23755
975
17118
4481
16604
6204
19893
20355
11162
25491
3423
26931
32659
24551
4180
11419
25899
31328
4374
17498
1482
29170
23830
19713
4627
31210
2471
30330
10921
31997
12445
18638
4668
22052
663
5026
30900
19268
3044
20689
16551
4191
10076
24740
28097
30609
18261
6968
8294
25141
1654
31748
24173
22259
1517
9224
26425
3702
10863
13006
24227
158
22962
29080
12842
31073
9085
21080
7446
25568
24136
22702
24993
5239
18540
733
25479
29086
28747
1391
17415
1392
31700
2205
19651
17702
5314
3480
24137
24583
13924
23027
8900
2499
9003
6597
18515
27345
29668
6320
10648
18548
16200
4270
15628
25926
19192
17817
4614
29343
26649
32374
11304
3714
3928
30019
28630
11051
14280
23283
8868
524
22657
12793
9390
29164
194
350
13955
9962
308
14236
2744
7583
23888
3027
9377
23331
5628
16664
20100
3522
2114
20120
28646
31294
22332
18648
24400
14271
14468
29566
4934
20157
9695
22913
25670
6456
10283
20040
15129
8643
17752
757
25979
8765
7590
22089
21574
28666
6785
14751
11337
21241
11612
21827
8602
6387
2247
30656
21789
25810
18330
22008
7108
13066
27789
27293
10824
20325
4885
17056
9699
16911
27196
9733
16032
7869
17155
3446
20933
7687
5589
23210
22599
28471
11293
16176
21297
20485
15799
24222
4722
21761
14483
25479
1668
31559
5905
23968
5510
26400
20758
7033
25220
27919
30666
10538
5893
3230
14414
1678
9779
14018
10492
17852
5481
9621
4762
31362
7516
13019
27403
14911
25549
5232
4018
24885
11020
2628
23486
18054
774
2893
28034
7342
25695
28133
23240
1394
20343
4916
31715
11406
5890
15973
25971
18509
12611
30865
11733
18326
18333
24592
20984
27208
22031
26733
12920
5398
26213
17131
31159
18853
9302
16811
32443
60
29994
32196
13266
9144
3997
17187
22420
1178
2446
16413
14440
28199
18409
31906
30957
27577
21626
9098
15095
8026
25925
9755
16061
30895
25368
24467
24970
32134
14094
27118
1463
8315
32425
16937
19846
18399
20199
30452
11818
31376
7191
28167
27138
9634
24458
30792
21772
13570
8213
31640
24084
29121
1435
24985
20296
11732
11924
26770
5541
31538
31889
16769
22979
31098
13675
25592
13920
16150
20920
305
3066
13921
14493
9216
21243
16086
1003
24861
7983
25761
22351
29406
23688
19641
9708
31644
19064
16535
10963
21884
7616
16632
12174
10530
29684
4611
26943
20801
1646
8477
7262
17483
769
17272
21388
4157
5514
30624
28585
12184
24019
25530
24289
32492
1105
28984
18811
3442
16906
23670
9216
2626
3362
22953
15803
13240
17597
21089
24055
9052
28933
20318
5794
9491
5933
24440
21422
4004
8829
8843
301
31923
17186
4825
22200
12056
16066
22430
8135
15905
31025
26486
7101
4469
10129
30690
15289
28732
20053
10396
3834
6163
14707
25234
11935
12633
24691
4478
5668
3271
2739
32642
10462
4316
23549
9037
997
22678
8373
22610
2931
14758
12202
10350
13616
5810
29810
32521
18589
27154
16685
32639
8283
9283
30959
12409
27067
21878
22235
26061
15888
16114
16310
8772
6639
30419
29120
4497
8784
6817
27695
2000
11247
29137
19416
20801
27730
19017
13280
5449
2889
26369
8591
20811
4681
30181
12791
29129
12330
5053
7192
28862
7246
16748
974
28872
28054
14770
6430
1734
13898
4876
6668
3304
27938
26445
7442
31728
26957
15476
3943
15323
14449
14198
3014
29925
7022
28401
30027
8596
7449
28620
453
16549
24843
5215
3373
6286
30413
16177
9013
11385
22661
31875
24302
13120
13356
7561
20444
13667
25053
17185
12989
25750
18846
30439
2299
14796
20034
14617
28395
3270
1381
5766
8418
15852
11043
9032
286
14393
7184
7993
23797
2469
7326
16712
10213
12790
27828
22189
16320
7482
31082
1197
23847
14881
8743
4178
14984
1877
19517
17391
21048
31127
556
1240
31457
699
21706
30875
26883
31474
23836
20725
14082
29147
14908
20755
52
17809
24840
24440
28315
25084
10544
12849
15830
30761
31630
14966
21169
21378
2027
20152
12956
25297
30828
23370
3168
1652
21245
17403
12836
3274
25011
24261
12496
27875
12784
24882
1399
15159
10330
3655
12862
24625
21615
25526
9734
30898
4611
25350
9920
21214
23156
13058
3896
9954
21156
27190
31550
3467
20971
28199
8886
14877
21449
23377
15277
19590
11592
21305
3365
27872
13880
25622
24753
7251
1697
21206
11353
2094
14807
6896
19594
13452
10798
1738
32728
10681
16097
25835
25248
12645
27763
24929
18150
23697
4966
26463
18645
1290
25421
2734
14517
21236
21491
1598
4670
11127
30703
30159
31950
13709
11943
19331
29221
27243
18828
1291
12001
31358
420
6651
19276
5109
7612
24744
28248
3013
6993
30553
995
12645
20866
22239
15260
31228
2200
12310
4462
6525
29527
13515
23795
23004
7211
27362
17236
17415
4779
10417
25069
10179
21249
15832
14459
20544
12477
3263
30088
5010
23696
30698
8967
32608
31647
18350
6216
17287
24388
19104
31409
2922
4376
30882
7779
4108
20528
4805
28173
28058
27073
12172
26497
29603
10351
20880
1462
22729
22228
21191
31482
16059
16272
17738
30989
20650
691
18545
30572
1054
30037
26641
20586
5830
30829
8574
25453
18865
17045
13744
336
24392
26664
22722
24073
27140
25018
21084
31194
9879
892
29371
3540
17671
14250
5970
23881
28445
26104
14328
26813
14392
31400
12188
9042
14626
18264
6427
15529
414
29404
14355
18786
5643
17874
27484
19030
21293
14909
8619
23050
17600
7913
29446
4071
11033
15452
20691
7543
18942
32418
8169
4456
1547
22491
16659
17184
29135
12876
22438
8272
13940
7737
32657
11741
24940
3194
7135
4016
10583
11068
14366
10030
11729
31517
20255
11128
1545
2885
28164
28323
4272
23682
14878
23145
23821
20847
13722
29819
26694
17713
26780
5708
32614
32269
17028
18704
26295
9362
16248
12586
25850
4996
21567
32185
11594
32423
22170
512
14115
13797
1248
23595
2530
19792
20060
19926
19662
17088
26674
20008
8761
5899
23885
32646
23782
16823
3332
4087
32487
7766
11983
23466
4179
17035
23140
19703
4218
20419
21788
14377
12075
25524
2703
7891
28242
10624
11049
27138
3391
13466
32506
25077
12147
23001
7185
24072
10609
15408
12777
4683
2997
32723
19655
20434
31380
25063
7233
6656
7492
18956
9930
24510
26935
29234
17762
21853
19867
2243
24418
9055
3159
6226
10168
19954
20271
18186
6213
5043
11361
18722
19178
26934
17162
16862
8449
9467
17167
24361
5006
31010
25272
20717
14308
9052
26388
9496
27062
12767
91
12238
2218
19943
8670
29074
3751
17880
29379
13932
23980
27192
14365
31010
3912
156
4529
2688
21575
24408
30452
4336
26595
31690
6978
8750
21583
25043
23894
22305
607
13965
4076
22559
21198
15211
4256
3025
14420
27100
26481
12187
7874
2966
10187
345
22738
20514
24445
18081
15002
21516
25194
17962
23514
10241
22445
4265
16108
12940
26240
18362
7364
31552
6369
31285
3634
24273
26466
11559
32495
2557
13721
7695
14633
26007
16855
23266
23108
21373
16881
28146
27206
6733
22650
8807
4552
9614
28971
23728
14048
13520
27550
647
6788
10641
9790
23915
6157
11396
13964
26407
15141
4103
32331
214
5656
10581
8915
27964
5467
29737
10099
23431
31748
32033
6329
19131
23902
4002
24610
12481
24091
5770
23503
4438
28200
18228
19545
9167
31825
3637
12538
29167
16454
22666
12042
28939
4459
16485
3564
10895
10630
6935
26479
31608
26551
16237
7412
9720
10056
22102
13380
7341
9601
16893
917
4716
6841
14648
9887
13234
12654
11218
29778
27561
5081
24297
17972
25359
18893
13149
4112
17414
31510
23444
6908
2919
3248
10827
24598
26376
23816
7633
3618
305
22722
9926
27592
15068
25632
1988
30494
3904
29599
28926
7634
6278
24761
23802
11452
9544
25582
4137
16222
29053
31347
21310
1466
7045
21181
262
12644
13040
20905
13627
27131
11399
25342
19715
13937
4749
21726
21247
4277
21944
23229
29838
18376
29607
12442
24357
18611
27609
20224
1878
10427
24472
27884
14918
29564
16025
6308
13506
29839
13225
643
28578
32750
8909
11858
2997
16090
3118
14794
23404
5396
12014
16525
3026
28726
25778
13896
18632
16173
17284
21380
17625
24593
8043
11150
14029
23243
17900
25006
4739
26106
10518
15719
27196
17023
6784
24337
74
9657
25866
9779
15332
10400
1881
18032
4125
24970
23988
7184
23875
8463
26825
12185
982
16086
19106
3208
1185
28070
13421
10554
13426
8354
5418
6742
25244
19882
22617
4117
22149
12180
13563
2163
13308
5248
1836
395
21046
332
9844
15546
21444
18880
29880
14876
16489
20779
18152
8193
9550
9270
25117
22186
20583
10868
4999
1927
30043
24873
32071
11665
28758
28779
2565
9834
5487
28618
31449
9735
20624
16048
6118
3647
1589
7166
831
11590
20979
1317
27809
13761
5168
20151
28664
17478
17494
32751
17866
20408
1069
32289
31129
17224
116
27098
12180
11597
460
26420
1907
27354
764
2876
14845
10200
6228
17273
10188
11917
18052
3106
3904
15433
2350
15504
28187
14396
27878
1049
27142
18566
29214
26835
1930
29718
7963
4311
7184
537
4520
9064
28753
14365
21401
8243
15422
11299
28975
29688
21813
14668
28372
10821
17020
4603
22426
22729
26715
1104
13587
20312
113
17550
4613
5700
74
746
27262
4186
8905
7882
9824
20167
9640
18768
18128
1627
32542
2193
29860
10915
6987
12607
2919
14752
26997
5044
20878
16495
7343
24955
23264
3246
10733
14146
25013
3500
6857
4227
20351
16854
24071
12056
24316
9919
32429
18248
24561
14325
3204
22500
32596
30190
25099
29762
12415
32025
31263
17835
5354
11314
17641
18979
8695
20387
4544
900
7444
17263
17403
29308
488
13147
2288
26685
5914
23798
17649
26487
7922
16442
6523
22742
1821
3604
27934
9120
4964
13520
24077
22855
18200
23719
9417
16049
19472
30837
19614
11868
15138
5586
21754
18029
16880
6175
7990
14990
30328
3485
2466
13930
16244
10490
24443
30210
7733
10851
4458
3242
20093
15629
25497
4736
5126
5453
27976
32085
2939
12087
15031
2290
26163
23641
1560
28908
23539
26587
17557
15742
17406
28881
26514
22414
13764
16899
19460
28250
30595
29129
2225
16807
17715
32393
10574
3421
32715
23661
22201
18799
28191
12094
4038
29214
6117
31965
2296
5826
25703
20159
6979
9104
796
2198
23490
25513
9173
459
23525
31978
5115
31543
8200
20191
19894
20877
23483
14266
5087
21220
19272
15336
2627
10009
1464
4619
24575
25931
20520
31192
23028
21946
29324
7123
23555
10851
2362
4855
26035
11631
6949
25047
21495
27902
15918
6493
20158
2386
18834
3076
22669
4633
20904
19028
29134
7938
21082
9349
25953
7483
20985
24459
30741
2301
12201
10057
27857
25593
17816
3990
25189
20477
21031
25427
7724
12315
9664
13276
2276
12510
8494
14262
21522
27169
23508
19791
30703
26541
7358
8442
8268
13802
7628
13441
21667
11274
19783
1320
19088
25367
16541
28715
19887
31805
14629
19981
24039
10694
4974
2648
27560
4080
25786
17918
9547
11672
23100
19040
11819
24455
15665
4025
27266
19693
18979
17851
25524
17743
7303
20282
12814
845
21573
17801
3709
13182
8312
24113
5641
19985
10335
6248
24583
14148
12291
151
9490
26794
21872
14895
3785
6667
3746
17942
28445
20662
1374
18069
15195
11402
7323
31047
5343
19522
12592
25467
20693
26396
30761
32225
27109
30071
10702
17110
9238
7288
11763
29218
21984
30803
32212
15118
6377
30354
3507
20177
11885
4184
26151
6792
32400
14954
29679
27409
7680
28737
28603
3808
24447
13899
16523
7274
3611
5619
13004
25378
24356
1204
7314
29323
32517
17067
18871
9556
29040
16397
1688
7799
23054
2555
28747
3304
9525
19034
21543
4504
20627
27437
30121
2791
6141
1176
20351
8912
32536
29312
20280
8180
614
9238
17726
18815
19948
25645
8070
16571
10703
28672
24794
28314
3524
2305
24403
7818
1598
18725
974
20551
270
23313
29780
7372
10930
25586
30387
20793
16243
19449
31984
4636
1659
14035
26271
11914
2559
21916
5934
25779
10430
30872
4276
23001
25336
10945
6916
11726
9490
11857
17689
28636
22467
17784
23285
11307
1566
28906
8882
2338
22335
19700
23830
21954
4820
19454
25047
22978
13972
5412
3505
27489
26729
4872
31767
2045
12942
7001
2558
14413
10359
21580
21617
10788
9706
19932
6386
24956
14026
16827
31011
32552
2418
3217
10281
26047
17541
12173
8541
17156
2767
3264
14167
26688
18636
22141
13283
10313
31324
16008
18918
19097
3990
1251
6614
14886
18596
26054
20283
29962
9867
9682
23064
11690
18655
11496
20777
31187
5769
13807
16775
18651
15835
244
21420
26825
7164
25420
8356
30084
3607
25551
24679
19671
32327
2214
20565
19688
16593
3501
17439
9213
16017
10708
28741
24777
22867
26194
32537
29012
17244
7121
10164
31648
16032
29647
22302
15726
27031
20115
13607
9382
27264
1449
17797
28883
2015
32590
18053
8667
26139
31138
4716
6335
20649
27043
14393
9741
6249
18350
30297
31098
23264
306
8627
7801
20893
30157
20713
7177
29402
9670
9209
19064
27837
4070
14571
21087
30228
29383
22078
11644
8656
840
25306
2742
13455
17711
251
5454
4034
28927
26628
18109
16957
18587
22939
26091
805
20312
9030
897
11430
31772
9957
24758
15110
7284
20163
4532
28701
27943
3679
27355
12306
22680
19016
7553
22747
28893
10277
6497
27122
31356
24241
7597
16255
6314
21390
24073
18005
12772
19539
31558
22433
17976
29394
9012
7912
26746
24378
19493
19369
13865
28635
9369
27217
25747
23419
25058
13782
3106
19710
12970
1192
1064
28674
32499
20602
29724
10345
16398
29412
18203
17909
9861
19671
7581
12113
13515
30045
31533
21842
15173
6175
18061
12244
2185
8226
1903
30288
25767
23132
661
29361
1726
12304
5954
2602
25624
23800
20955
3738
2099
17810
24602
7862
6644
4650
4692
8670
31211
11127
24937
2952
22342
19827
2948
10767
4355
4157
19104
16612
3555
22945
9892
13898
31715
920
23264
27265
12443
12163
15867
13270
5021
10275
12859
12986
22556
32145
31215
1548
13352
1389
21462
6615
30963
31752
805
1439
16870
27019
200
2222
13592
18109
24059
14799
19727
4884
28394
14084
1480
1087
30588
8827
13278
18455
1803
18904
596
26096
8471
2104
25705
7145
14374
28555
29319
8100
28537
16161
29671
27954
10796
16126
18802
32510
28059
30255
29933
31664
21526
22608
5301
23464
19140
16316
16416
28634
25521
13772
5071
3502
10758
7870
6182
24915
16011
28780
23143
19107
20480
16297
21095
21218
6468
9097
23362
5929
7296
17738
168
28489
2441
1069
1980
19581
25394
1029
31493
14945
9671
7070
9727
8038
9908
6749
6543
2115
29521
5221
1725
19318
16513
3512
13685
27128
14322
3066
21116
14502
3160
304
17835
395
29272
2483
31855
5706
18052
5243
19103
926
4044
30240
13807
1479
30971
27404
16514
30750
22713
5970
7379
6409
27182
30592
14649
8552
7171
17317
29336
6276
29235
31306
30429
6809
26880
27700
1550
1849
19836
21473
20824
9912
31796
5691
12702
15724
17610
13263
8415
8748
28855
28018
6108
24265
24709
22291
8991
26954
4117
29119
21997
4180
7119
25230
5816
10401
12918
22953
8639
17048
6439
32662
19196
14172
1310
15046
8411
6918
24325
28538
7231
18195
29449
3295
12754
21489
8686
3988
30541
9312
11056
8493
26737
19562
27599
22330
19926
894
9620
26514
14261
19282
29005
11495
14912
24421
19309
4992
3876
9789
1718
12259
17321
4051
27224
21605
16029
9782
24777
10046
27611
28953
9444
18962
11707
30073
15423
28089
8698
8078
19000
25196
14081
8040
17525
12107
22715
10919
1109
13410
19927
20608
14049
29632
798
4400
32410
30382
8408
22564
23296
15926
25282
32277
14042
16802
7004
7424
17635
13215
29231
20143
3411
23290
17993
18325
21115
454
6972
7183
15921
7237
9951
3040
18574
24583
8934
22733
11716
2102
31279
25484
3727
17959
14289
22306
8176
6216
15294
25344
26983
19544
28055
14798
9888
26487
21412
14208
7316
28425
19524
1781
17582
1808
30001
31616
23827
13203
2750
18858
29860
30827
1225
30089
7174
21029
23507
11172
17230
15872
18209
10314
3632
958
21553
21075
21429
25764
14234
12417
17298
21287
25157
19213
23277
7912
21607
23616
14011
11929
22640
1924
17017
29553
17565
31720
7017
30720
20287
24528
10863
16761
32720
17609
28757
29314
431
19705
8247
13707
3933
2260
14473
4964
17358
11814
11892
11171
15800
17850
11807
4105
22365
7674
501
26037
25059
488
16668
31897
10937
15268
29884
2758
18355
14695
26363
31079
15945
2861
21907
11355
12637
1351
12513
4064
14338
12389
19850
19025
15508
18684
4925
25427
14604
18701
7468
18098
31961
2200
32068
12142
28161
23042
15101
32058
8950
4964
25745
3314
4369
29053
18556
1510
29629
8653
16482
921
31378
27141
31157
5320
20611
14138
30900
28133
15636
25242
16305
8805
11197
23216
19159
16908
13637
10648
26215
31983
371
11196
9142
27271
12394
12084
2257
25648
15539
27864
27904
32238
3544
19538
15511
28157
14190
29879
32153
9028
9586
30217
27022
24349
5320
2580
22451
449
8773
13061
23472
25651
161
26605
25762
25189
7729
9397
16582
76
1136
1516
31511
20735
31199
29075
29364
31546
8623
31964
1944
27936
24034
1038
1437
14379
10609
28095
27526
25911
52
16187
27804
31140
13986
5283
26203
32467
8756
11364
21871
2042
9676
10845
25986
12370
2695
3563
16977
29785
29984
27659
31098
10812
27247
31056
25242
13582
8633
20828
16170
159
30459
14738
29449
28792
30814
26739
5326
12093
11959
29537
7444
13047
11044
29948
15161
2791
3949
4138
9831
19542
61
16134
27130
19017
16648
8376
7104
2776
25884
23238
13574
6272
27148
24778
25931
24518
24748
21429
11342
4755
2597
2053
28655
3586
6424
27558
27142
8697
19105
19363
7672
14679
29774
20967
30478
19460
10061
21195
18880
30296
31549
15544
25223
14838
16606
30531
24594
25978
31208
4886
900
19727
8329
26280
9672
20730
17500
24684
31707
30569
24654
25565
22139
11017
26779
22859
13044
30743
2422
4473
31300
11372
28895
14760
5742
16615
22827
20852
32194
11974
13797
21049
13066
6339
21261
21001
10015
9207
29922
9056
13683
25026
5514
1059
2978
2955
969
23254
21519
334
24657
14292
29952
2579
16873
21315
30660
22705
20391
25718
12169
29497
25287
30817
29301
18942
20004
14969
9138
9624
21819
24775
22315
7852
786
1436
18375
9923
24436
17017
14
28409
25565
32319
10645
19981
16551
10487
4481
21846
24550
11397
14414
30410
15349
8454
1294
27307
19883
7179
1257
14642
27806
4398
3777
15378
7768
5486
11949
10001
14931
10470
4601
13628
32755
17831
11796
6786
968
22158
30620
22760
20707
19465
31295
32261
28595
6746
30764
10568
27256
17242
11747
23665
4239
10505
2127
14056
26876
26039
6260
12429
7819
7478
17989
7573
13297
27897
26259
3281
27110
5169
5417
12039
8406
3890
14163
11285
29853
15609
19684
4604
19500
29944
29545
577
27105
10558
26661
15991
5751
14666
7823
1153
10069
27297
1826
19695
8858
11276
785
14019
17610
21583
558
6933
14272
25806
18041
13424
2544
11565
15415
6539
21438
12328
11404
12137
2272
14337
9576
10122
5981
23786
30738
24464
5104
25885
29745
23334
17131
23912
7716
1761
20451
18216
15174
17999
8943
13291
29672
7851
28415
28859
13931
12583
27846
24581
2995
6252
42
29536
16754
16905
17413
13813
1728
27944
19731
6840
13258
17254
8353
5553
23498
5179
7250
23169
12572
1912
19776
13743
7792
18419
11545
17389
15517
28580
17003
3370
23031
18142
30781
27424
5546
30971
30176
3177
31354
7757
2156
6745
2105
14355
20864
26740
22555
22109
2373
26590
2073
7605
10272
26028
23685
12389
9682
10741
32571
1094
8844
25156
853
9784
9269
29558
4501
4330
9873
29142
10155
4186
19639
591
32113
16476
24485
1496
25103
9136
7552
8813
9992
6084
13169
18537
21849
7277
22750
5312
29989
20421
29142
25153
24580
31654
10905
32152
20255
6437
11468
25923
13792
16215
11478
16447
10818
22054
16152
15738
18848
1351
15370
3002
30274
24620
2194
12080
12104
7448
5944
19811
30916
20768
15169
20146
20465
22206
23492
24291
5984
4397
22026
16597
31755
3004
30837
13952
3480
18085
9565
12016
7822
20618
25293
31714
14657
18694
2944
20089
6288
947
19830
7266
14833
20054
17088
20135
28232
26737
3203
20037
6577
17920
6355
4434
8546
6613
2462
8256
23696
20655
8087
30019
10059
17179
18913
2860
3045
29914
28500
26021
28951
19096
25507
22775
2527
11831
16359
3414
5513
10241
6171
5137
28171
5509
31566
1901
14208
3751
21114
13045
2526
3051
28630
22213
3391
18101
19576
15798
24046
10404
3390
16999
6957
328
22022
15643
20471
25045
19471
11101
17006
23068
27225
3634
22603
31506
23272
5316
31211
24412
4057
15698
31675
22587
20889
29928
4266
8370
1012
26107
23521
16551
21279
14714
25618
3761
18843
23580
8472
10811
23993
5897
16431
14455
1746
9013
30691
5301
8080
8601
10385
12493
24549
16246
4525
730
3835
24734
30780
31871
10584
6154
198
26427
12867
86
21078
9507
12386
11539
19790
32507
22092
15276
12764
29462
18116
8531
20419
13391
1916
32364
26670
21827
19235
9423
11525
22326
3639
15334
4796
16473
14261
28244
26387
21334
28745
28095
3306
4821
30648
19955
10766
17330
17644
28685
8884
26122
10123
5925
1121
12332
6948
29905
10782
25577
19253
13029
417
29175
31513
6327
19700
14817
17978
30196
7290
17464
18845
12283
13266
23126
44
8474
15456
24510
22031
21648
28668
12805
1620
31770
23183
11329
4479
27395
11897
28373
15438
30332
27853
2507
29023
12861
2732
9278
13553
11885
19678
5785
21563
25331
987
32577
19878
8519
19065
15136
32581
17947
16700
28102
18424
27544
24249
2737
3844
18942
8324
12653
15898
15257
18802
13873
16996
10527
32182
12213
11235
31768
19309
26599
13250
24150
14255
31199
25055
10246
5439
9778
31044
23066
30635
12007
29836
14995
16330
15086
4109
1429
17449
23065
29972
19008
14006
687
8530
25910
14789
1613
25522
16473
3801
23675
23997
12462
28309
12072
25623
4532
24731
3623
6825
13255
4081
8020
7443
18921
14423
24498
13655
19154
6152
13441
20828
14563
4777
1588
385
13615
13694
22999
19535
27666
2424
8554
25797
28510
3798
32496
28140
273
16847
10674
26374
12004
6665
12430
30425
22366
535
8461
26652
8790
21544
23478
32148
5753
9382
28623
22960
5221
10483
11497
8499
31580
21179
11219
21945
14425
27497
13536
27249
30824
6959
17777
20114
14965
19555
12897
2243
26898
23466
30682
12528
29667
15594
6623
2765
2901
9280
13292
8890
31996
14963
2245
31551
16447
6786
19721
12599
21298
22285
24761
31401
27383
26264
17625
25750
8787
8360
32297
16602
14072
21057
1516
23608
30740
23561
10210
13775
9752
24975
3573
20139
20872
20317
20459
8508
14952
30477
3791
25935
24580
26955
9368
26787
28230
1369
27174
21026
3919
13156
18501
27024
29173
26196
2423
20829
20721
1614
32452
17238
11319
7658
17770
28368
27991
9623
31344
10250
22117
21973
15870
226
12775
17103
26769
30919
24613
20813
8507
12866
13438
10061
19593
30303
19583
10942
29575
28737
22683
14613
31626
6146
18931
13862
29222
3995
773
24064
28609
7985
18591
3429
15746
1903
22890
26820
28223
23570
20986
11570
24767
23728
20904
15554
23228
26415
7489
2149
31019
25666
17866
22215
11285
12762
15298
31300
29895
20360
12489
18452
6986
5589
18551
28013
14339
16800
15517
1265
13076
17759
25852
27325
2909
18833
9360
3675
29068
4525
13164
16102
11043
14044
7201
4654
4517
15244
29462
14804
18682
16605
8635
975
13438
29610
21522
31552
23704
16540
26227
17345
18131
19998
22243
29081
22543
19111
7158
28009
7341
20026
9796
31907
559
19420
2785
26537
9235
32354
16396
338
13527
19372
32483
14092
21512
12714
31768
3687
4219
11562
15017
8696
25545
19479
2466
15924
25432
13865
6648
22925
30477
9661
25492
23786
30071
23731
16589
22104
14401
6540
27450
497
30437
5857
1402
10833
3105
28762
18898
22565
24591
17276
32366
18146
10570
11361
25983
5726
32760
20415
15806
23931
3732
24051
4422
17163
15757
10136
15777
12099
1851
13842
21685
84
32317
26745
25405
6271
1104
21214
13263
18345
12450
12139
14554
14406
31966
4
5031
19668
23136
1288
20331
11813
19555
31311
15972
5719
15038
20319
1130
28694
11807
3373
16942
10154
17472
29779
24207
7220
1044
11233
18856
24617
4318
26635
3750
30988
29062
11295
11180
5573
23645
11504
3700
21162
4238
16458
28641
13484
17775
10604
29071
831
31548
1413
8634
17582
17258
18174
25448
22951
8291
28477
29956
24181
15344
19773
30122
24646
31000
3103
5623
32043
6433
4181
10632
10540
15702
8059
24113
13500
25357
30226
24129
27744
31644
647
21951
31160
15746
15349
2145
27930
17465
26098
18073
31926
31655
14631
12992
726
18344
16238
8951
16725
17689
17147
294
27614
2955
26926
29992
24045
22586
31308
30034
19454
2710
13722
4559
6702
17360
18883
24503
8151
960
21602
5806
31258
25311
6898
17408
8811
8154
19273
11879
32605
32018
21773
19132
9832
14003
9817
19473
8099
12299
21836
213
1253
24163
13693
6752
6807
14059
15611
12663
12291
28656
20803
41
5994
2914
15327
13342
18559
22653
396
10156
11465
20140
31373
27809
26091
25523
10620
27131
8985
16468
7676
7102
26980
19524
19543
2707
20015
24332
19795
5799
14002
25108
17052
23026
17472
2717
6168
7155
24187
649
10198
24853
18366
30706
24999
31039
22924
26786
14068
9717
23820
8165
22633
5535
31218
4727
3190
1005
7990
13999
18770
18651
1416
22880
25250
6144
13774
8691
13222
8695
17277
17627
16355
28793
26589
5129
17096
7472
8223
17633
27480
7159
30759
24875
20825
10699
5718
15444
6507
20491
21084
12538
21976
23852
10409
12753
7928
3817
6758
31450
14512
17818
18053
13841
28487
19747
10509
2905
8783
13837
22971
28417
29126
15132
22769
19792
16610
2257
1897
28850
14971
20476
12998
24706
17266
28838
25031
30674
13133
11440
23545
23836
27105
14752
20247
14804
25249
18398
1997
22851
30529
31872
23205
15876
7184
13183
7513
23781
16251
7062
4884
25674
22348
21540
14668
18942
18471
13581
19478
26921
14823
30244
6295
16893
23514
31865
14364
24948
30322
22509
5760
26623
21392
2155
18598
607
20674
31613
14861
25409
17372
29674
22471
1528
2637
3659
13849
23741
26732
25708
4781
22697
1850
19109
12811
7990
14788
22383
18386
19981
22488
11627
8328
5547
21852
16776
25319
143
21504
16301
26383
5770
13352
16695
6819
8241
5763
3249
10954
8048
10912
23626
22017
11748
20090
28372
12168
29604
29703
185
23383
12552
28996
17218
22594
16280
28515
2957
27199
29922
23776
13547
23026
7784
25902
7699
9374
5526
12264
1412
803
31398
9677
21378
3361
27074
14909
25549
7018
30333
3952
31034
31348
6907
24939
12685
5513
22686
23561
11590
10643
14476
10354
7062
6701
16585
24655
2440
5165
24584
136
30961
16224
28379
309
9485
7238
17222
2171
14139
18211
30064
26611
1642
3343
28059
30391
18127
22382
27063
32574
21440
20124
90
4433
30009
13325
22713
30116
12403
10835
6557
4457
18089
2691
11579
15953
11362
8403
1034
29351
10982
13735
24350
5314
27843
17299
4190
14770
25967
31321
25510
13830
4254
32166
20893
28610
30013
28496
5210
24063
30790
5971
27907
32526
28346
7517
32156
4890
22553
7436
461
10510
4062
18236
31554
20735
25964
2017
17368
11482
24609
15923
6573
1880
25239
31688
13396
5846
27163
7624
14239
17146
27435
21316
7360
22767
14230
15995
21531
2139
21735
26862
19654
859
23819
25142
2739
6582
19108
24044
16320
21605
13180
11966
15173
30941
21298
14602
15373
11914
24164
10772
13044
24641
32596
19793
4428
9843
1591
27389
30240
7086
10205
12601
29354
20217
25602
397
28250
2794
32249
13801
5918
6492
7827
16364
26806
21228
9330
19689
22903
204
14331
26887
30972
28997
14888
13589
589
2970
9333
7621
22224
13336
28360
11424
959
13809
2214
29954
16593
23814
15824
16255
17896
26371
5129
14879
4737
19136
478
4305
2512
18320
30572
25044
25325
2418
29008
14474
15670
3281
28192
19186
20979
21363
27071
26748
14294
3966
15824
29583
4668
19948
664
17386
25395
19525
17637
20444
28835
7141
9240
12150
8969
26984
8304
27821
1320
21832
3334
26954
1536
29212
18203
32386
28216
10846
3243
1468
7624
8792
30604
27931
22259
26134
14051
19086
26826
26366
9928
8925
17169
23150
18568
3078
30689
27023
22867
26679
22468
8628
18913
7130
4668
9924
20129
12129
28041
10528
27399
20985
52
13164
5452
25750
2577
7904
16859
5817
17842
8050
5861
21145
31647
32583
26105
24695
9815
5979
30001
24672
31921
19562
30243
12775
14233
8052
5388
26161
3356
12098
13565
11029
19184
32147
20470
15078
91
2210
20512
26217
31603
15089
15191
29619
22204
5189
31980
21199
20852
16722
16898
5481
9072
29871
16009
17463
19525
13820
1112
6839
5816
26988
32711
19517
12763
27104
8467
19451
24067
3124
10879
9655
2867
6862
12355
21030
14315
8561
13296
32069
24546
22153
6779
8793
1923
19349
25459
27858
30088
10389
29568
21052
10626
17033
24146
27089
7182
12146
24995
14596
23712
31738
32619
12821
13734
18427
844
3391
6438
2308
25055
23614
3390
26020
9591
3888
5694
13042
28504
18845
10038
28189
17858
16900
51
13787
26235
24836
32351
32673
12955
1879
9179
9276
20967
2517
32612
10422
19348
20042
15388
17655
22782
22199
3828
31566
11312
23310
15466
15033
4325
4427
9044
15471
32216
13104
8486
4207
12751
9924
11183
16669
13222
20313
29492
8590
14472
24339
7024
7719
9388
7350
13408
16076
15490
24206
20839
9445
57
22162
24620
18079
3760
16246
14941
12150
18994
27607
24425
18930
7801
22944
32323
31816
10904
23384
1540
8287
23333
18497
3800
22734
2893
12143
9786
10033
30854
9310
24142
7885
27722
25990
24091
30470
19709
10618
32734
31364
2008
17213
7871
2492
10226
60
23094
13510
12163
21052
6216
16731
15269
1335
13639
25892
25881
16458
21817
23699
26509
14162
20828
19357
5028
2976
17278
7839
23187
11585
7031
26333
29418
10201
26057
19107
14827
29906
10316
26693
22278
16948
31195
13869
7636
27287
22323
5276
23735
31858
667
14665
15613
13405
8733
27939
17355
7706
2790
28996
26023
10842
15751
20830
29846
4043
21918
5116
14727
29010
30503
6614
3743
1952
21511
30689
9869
27839
23966
12068
24429
4228
17906
12268
13340
8055
31366
22287
4792
31631
8885
17251
25970
27860
16757
12014
6663
10092
4300
9574
17941
28150
3106
29892
6420
31707
7142
20355
11328
1626
18054
29453
8622
15116
28082
1832
24786
23067
1787
27651
17102
27856
25614
25965
27184
17706
12946
16529
4893
29967
16723
20550
6857
2138
18071
3768
12573
10469
19284
13556
10462
32587
32627
8116
15146
9334
11901
20722
10480
13668
4960
18560
19030
12598
23623
32251
3283
22080
20212
24033
21188
11450
18836
13971
4487
13470
28033
19114
32105
7608
2009
593
17885
16133
27590
2736
23058
10000
23038
19470
23722
16972
8046
29552
24728
23714
13227
3840
23919
29951
2343
15445
28538
29775
21449
32767
1748
16485
9919
27006
22273
26373
26089
27413
4960
12055
1307
4991
14260
10346
19518
29717
3738
30288
23425
26081
32418
22727
25120
31830
29933
13586
26585
1557
27334
22752
27324
9152
2055
3200
21783
27028
27594
8469
24197
31238
2191
23054
31245
13663
17838
11945
21513
6345
31791
10134
18726
12173
2801
9657
23676
1093
9555
22254
22390
9855
25818
12332
12987
13537
27472
24121
31201
25996
6000
25081
24526
22926
21736
26509
16227
2767
5605
6284
13799
12111
421
2169
6998
11534
24990
21868
25343
3846
17785
3828
10362
22136
10283
27686
31358
9895
23134
22930
29209
15996
22759
24864
24361
9128
25799
32761
1748
17078
28823
26615
17175
536
30027
31925
6796
13160
16230
26571
8084
27967
14344
20126
14705
7616
3455
15843
31077
25962
20833
3203
26929
3095
3422
23530
28783
28805
4832
21128
22376
7678
21169
7291
28049
22100
11326
29680
26639
16705
26119
30064
15927
31000
4477
1193
12349
20009
6255
8688
28388
17386
26016
262
26961
1941
4423
1274
5352
8748
98
18924
17084
32176
25572
32648
4334
24621
5075
16190
24903
12179
2336
23376
3941
26438
26099
31078
167
16925
11806
16687
202
21483
95
18382
2688
9560
28882
30075
3232
18645
23504
319
546
32134
26201
19349
18563
28361
14378
9841
24379
7078
20125
1663
21073
32519
18829
12864
16047
21985
8982
13005
23998
11387
11969
24434
26153
24673
7600
25797
8787
21403
30204
4029
14517
31191
15761
21618
3563
28823
3932
3692
9815
2995
11804
31484
18204
32203
3360
4998
6224
23223
1331
10447
776
19380
26427
4955
23469
6685
1559
10797
29670
20787
9838
24969
8795
31662
11189
8897
31301
24192
6374
28544
15131
20493
8487
2685
25550
15067
27872
31227
25327
22698
8319
25882
17098
29050
15330
16812
15848
15875
4748
11866
23566
12547
18329
9255
11062
14164
14390
24440
23821
47
32502
17750
31393
5665
7614
24129
28253
14609
28196
1138
8620
2127
9437
14337
23739
24079
19067
32021
902
17642
15470
27984
7412
12291
12349
4074
1760
5419
9618
23564
8957
26475
6484
2326
2345
18755
24364
19910
8974
12224
9988
17440
29496
32168
2692
8532
19062
286
17047
8948
20916
11918
2939
17515
4276
2481
22956
16647
22682
12592
12562
9832
16493
15124
11469
10996
28281
9794
32532
6389
26798
28028
24871
5319
1801
3768
26904
16355
2711
675
3506
11756
11023
12726
21777
1285
9366
18917
10032
26223
3364
28429
615
8500
18741
20207
13360
30089
5633
27484
5879
31641
21502
26277
4469
21966
10713
5626
5987
9235
28951
7121
15823
32144
20920
24693
20370
23626
22934
25485
13557
29628
31256
12454
27731
27872
17767
30021
3334
31686
17884
21340
13130
15341
18888
32344
29940
20009
31890
19750
3260
28713
18422
14829
31952
15849
18828
12190
27808
10062
1135
3060
20532
30434
24139
13479
21399
13473
3453
12021
21150
5237
2627
23335
3171
16435
32423
1249
8116
4821
1954
16338
13336
18228
19712
2929
18930
11588
30759
8856
11785
13121
22599
20404
6600
23648
28002
3799
16695
12343
12898
14871
15910
7775
31587
2481
13762
3696
15116
29819
17204
29550
12256
8306
5401
8221
11350
16260
19928
18665
29195
11488
14910
28743
21476
4824
8790
31949
23565
6053
21036
7936
9580
6033
13346
99
9698
27138
1215
28254
8176
29150
24736
30855
8849
22985
30245
30625
20247
14931
11404
30998
9082
6975
22000
18573
19771
4107
20664
8969
28389
5684
24128
21946
10693
23035
1799
16410
6081
5720
17344
24803
8714
27490
25861
15127
32654
26499
29023
17100
67
4481
6275
22702
31554
1479
7734
12709
28999
22566
27189
28831
21366
30826
1140
5079
29753
4415
8915
28068
25121
20045
15385
13143
7368
12890
34
26272
14906
2151
270
4992
19582
9701
14903
4188
29654
1659
1001
11395
32564
28312
28922
14798
8719
5351
23813
6435
31803
7386
5121
23525
22599
6722
5373
26426
26293
9883
27721
1088
18382
13983
14395
5810
3162
17841
4712
30778
24531
26478
28491
29039
5465
1874
3684
30858
13085
32173
2445
3354
10427
16148
16435
26945
30157
8212
32001
15118
20862
27186
13552
22007
23581
24782
30386
31298
3131
10953
9195
31639
4811
3262
24476
3276
5072
20452
15969
12171
13406
13400
8319
16597
31545
484
9736
9528
9749
28132
2756
342
6113
16514
31208
12030
17174
12173
15310
14655
16470
11695
10742
9000
27568
12718
32089
28621
21473
10218
6449
29945
6355
12896
26185
17064
1547
22003
13948
14436
8038
24508
23356
28039
29189
4134
7822
29531
2571
21755
10222
2770
16035
30582
28961
22267
6537
6967
710
31166
2030
29264
20737
22284
1937
5381
1604
30876
1362
11752
12475
4670
24776
18064
20744
32726
26496
13898
31128
15431
24493
19126
23783
19124
19202
28512
16778
20976
19997
12586
10993
4425
24800
17550
31075
11352
19551
22884
29023
17365
2537
15329
14789
1182
24858
7584
22381
25402
28687
788
23729
18013
7332
8258
29031
32289
29857
10740
17515
18597
11119
21182
1336
12461
1365
31686
14350
11022
14013
13372
1918
32371
32543
20807
31246
31264
16821
6617
28312
23876
6908
12688
11144
27828
14889
31021
30214
18627
27634
27181
27870
4431
17469
19462
2963
21340
7180
28614
5448
5166
30587
18483
20436
5588
9045
23916
18807
14378
6593
31829
5828
21244
1363
25446
3462
18481
30367
15239
25033
23918
20355
14846
8491
28469
4298
5165
6239
5678
7736
4914
24439
13960
27771
18884
16510
1146
26444
8750
30663
20677
29694
12538
22711
5336
12912
16425
999
14123
16661
7235
30782
21118
19102
1278
14676
6421
6839
1162
1683
12365
31164
31465
12262
4241
13385
22556
3680
15440
13279
30357
19782
781
10597
26080
23719
17185
6401
10541
17183
8462
12339
26173
15721
3896
16485
14887
28973
32446
31515
12836
14564
30308
15530
22421
3978
28424
9435
29548
27993
12109
15449
25259
17764
6647
30999
26936
13272
26343
10201
25447
18657
29352
8250
22632
2353
19374
1721
2433
4091
10997
32340
3091
28122
3974
18630
6450
7311
27584
11654
15833
26972
21931
7998
11768
15594
17507
24892
32672
22291
21314
242
16410
16069
32320
7967
32171
14767
16136
27150
19806
640
13649
31857
11749
28273
25668
19811
20203
26149
11375
23983
16182
14624
9044
21031
30300
27978
2235
7930
29203
7898
24724
30940
1510
11329
27546
20658
16470
6767
6666
8968
7040
13991
5300
7139
26772
27585
32712
25031
16709
11570
14896
29283
31481
874
12884
18248
13122
19220
14257
3510
28589
27960
9296
15700
19873
5418
23145
8527
26167
20058
26725
25973
24610
17271
27613
11588
13455
31098
28365
17207
28070
21001
7423
11514
8178
26087
594
27983
28451
5322
6919
20448
3953
30736
11287
29068
10141
13698
23654
24850
10208
31440
15846
10349
18480
7092
11394
12224
27468
9699
10852
12819
20502
19861
23556
2489
15568
27766
17563
12762
27955
3856
12265
24944
32202
26818
7235
9441
23351
12097
3836
3150
19905
18378
3634
779
23766
4214
29610
23279
7315
23646
20342
32170
29036
29946
30818
29005
18639
9179
11779
26203
14451
14644
10735
6663
13963
3984
9496
24967
1040
8160
26231
24691
28892
124
16374
4868
7924
11493
20245
17161
5344
3133
13923
29866
26710
19406
10278
20610
27871
11011
27471
22506
3120
28206
26276
21548
20832
26575
22395
13129
26081
14806
14565
20672
23629
13664
9934
19551
7351
28970
3565
7499
7725
28838
7549
7734
7628
30963
9469
5937
14669
14362
19531
14076
7083
121
5292
20232
7367
14680
15048
1790
32723
9752
8271
14718
15760
22727
7589
6236
32218
19399
25075
12591
11547
15023
18610
26823
20268
24167
441
12839
19430
4841
30465
12224
6002
15080
26077
29149
28998
16472
28463
14239
21229
21986
27201
13308
31339
14024
8590
26119
28256
14677
9933
12154
18198
24325
10318
6038
19675
22003
12468
5439
32280
11846
4461
23601
