24222
460
28294
10006
8917
22261
12253
4053
24140
28452
17788
18386
4923
22893
17377
1043
26403
3915
18400
18227
8264
26079
7415
5694
16101
3795
21872
28055
9594
24207
8231
21826
7661
13598
32270
30812
5981
11864
9466
13046
3958
20609
7887
18108
20802
25795
30019
4649
13330
24761
10724
31230
4975
21579
2883
6293
25651
19309
30409
9140
32311
18779
4762
1627
20671
23428
7615
22136
17140
32245
19999
21977
3012
21396
11058
31504
23765
29193
31711
2838
29111
9250
7534
10893
7109
17094
27850
3728
20755
29620
6017
18718
29360
29504
4806
8102
21200
22367
18328
1017
3482
3207
12102
32636
24707
7352
18457
12807
10465
10776
28211
29406
5239
13425
10185
5577
14528
21727
30457
30449
29221
20863
18831
30530
1400
20618
17138
13824
21272
7307
30087
31377
22980
3380
29067
831
29819
20841
5765
23776
28918
5449
19
16595
7565
21513
17095
4421
12432
29277
21305
14041
29995
23158
19450
20862
15446
19070
19768
22431
11472
16194
24607
31821
29625
19911
14310
27004
1462
21223
13337
6444
30438
8738
23743
5221
28264
19590
4576
220
13155
23663
7162
32725
15778
11457
19143
24001
11509
30337
10176
27133
11385
4757
2454
14279
365
30255
6395
702
12491
14731
20053
16346
29951
11328
17119
22882
27342
22469
8321
24142
5383
8558
10625
10290
23405
22089
13049
9987
7310
13854
7878
9920
11564
2169
14092
31035
24019
22865
19647
12656
21999
19084
15836
15312
26595
22046
30948
12461
27744
18120
14204
22548
6646
8564
32461
12068
18454
17516
8541
13659
6761
12961
17027
26840
8207
2573
26301
3660
20481
26584
17065
17344
19073
29704
15609
12072
31910
2422
21722
9222
30336
17908
1131
6696
30099
28596
21218
9247
6681
22765
16605
20833
23647
20506
31726
2361
29320
13029
4897
12195
11126
24285
952
16010
10951
24852
14895
21672
16491
9047
2723
23642
2384
18034
10545
22365
13814
21088
827
16473
9973
27598
4532
10261
2021
4665
18423
24400
8252
3643
22234
14247
3075
3365
19163
17461
5487
5254
12958
20802
8760
11778
23632
29807
12809
16058
4465
6034
3666
21902
11650
10688
19015
7134
1733
10915
9778
25912
17142
16360
916
11763
9971
23955
22621
21673
14867
1162
20282
8374
5454
25066
9591
4444
6945
21999
3560
31475
12298
20875
25030
24156
25775
3430
27279
19811
1473
31586
4466
305
906
21204
20403
19606
16665
31469
32195
14615
28441
1887
30348
27703
17129
9342
9103
15672
5252
25231
9290
16291
10183
25093
8163
9156
11354
19235
24395
23819
3372
28783
3526
22176
14022
19079
6056
30996
26821
15252
23892
30348
11366
28087
18026
20149
30532
2695
29847
1997
20114
29033
20151
20726
2933
31511
30133
1961
29567
29849
29896
14471
16627
32040
15968
26897
16451
6728
4580
16186
6751
9524
12683
2084
31479
21533
28629
31960
9502
8875
12349
9975
22861
22787
24055
28621
16574
27893
12137
10184
17564
931
32092
27472
6731
26291
19451
23954
4588
8068
23516
8495
19678
25209
26992
31905
27475
10432
1822
10078
5672
10098
19636
21872
1557
28675
6608
30346
21889
1442
20660
4508
738
10940
509
27416
4441
22542
27443
8806
22403
24961
29395
12791
9074
31620
15035
20179
28788
5602
32058
628
4092
17056
15508
8834
21853
20772
23811
31530
16234
4727
15807
23127
1962
18073
19773
4987
22095
15549
19842
18681
21021
5847
24094
11366
20226
17903
22635
18170
19770
2368
31081
17772
28413
1949
4037
7090
11478
3412
9094
24970
23482
26839
21201
877
10547
26867
23938
16871
31799
4363
15040
27540
19058
21720
18031
24525
20897
9125
786
7871
8525
6723
1145
17239
23498
19606
28856
15541
7221
26057
19767
9611
19604
2200
22755
25151
27738
2335
15370
27626
19162
1988
12687
14571
19370
23347
9474
3335
25235
21779
27641
9250
168
1146
2683
4076
13083
4710
24547
30873
24086
18556
23238
6247
11196
17057
23364
11859
31277
15570
27177
26847
23356
3405
6852
13456
2766
26827
28462
18680
4568
5341
6432
30174
32591
19904
9391
1660
17684
27775
16954
24213
17491
5408
9559
20881
22882
25057
6261
28785
21133
31103
6765
9915
24555
169
19875
21851
21443
31527
5707
962
28003
25673
25603
27237
9728
8728
2188
12805
18925
7477
10703
31975
12941
29167
32679
29781
14882
6293
16472
28329
16348
3784
19513
27327
9087
2852
8357
10205
25365
355
8776
22005
31560
5562
13244
18136
4923
3744
24185
32630
31431
14528
15798
5068
2174
13019
5981
31430
25325
3395
6104
9963
1304
29037
15112
27708
13334
6667
29670
8944
7710
9890
21834
28436
15967
2845
4259
18492
2744
9570
29799
22862
22852
3253
1360
11789
28713
2553
9027
9324
18156
12128
28966
20639
1269
27315
19534
8511
19195
25298
4396
3577
26577
3886
17488
1153
30887
17490
11532
179
3873
31302
8486
30393
15065
8516
18159
32503
642
8853
1459
8029
10732
2011
4599
12341
15366
28600
27271
9433
3359
15116
23084
8446
11516
1071
1937
29859
3244
11351
22629
16299
28164
10391
3982
16981
26039
28215
28705
8601
14666
6750
18872
1624
24423
28456
16918
8912
25295
17459
9733
4147
31159
10645
15981
32027
14302
18961
376
16324
9279
8108
25109
152
6178
24037
21736
28667
30702
7867
15435
27384
22125
17669
30760
6405
10477
20754
31424
6898
23635
2731
8972
15767
16056
24322
4014
28646
14205
13608
4641
11764
1828
8567
11517
12145
29115
939
24131
5023
5259
16772
10483
33
668
3351
28885
2999
26684
17859
17479
15456
5292
12907
23367
3605
27202
2903
17523
10121
12891
26513
24224
15090
18442
29592
22345
13953
27292
24479
25805
19377
20388
6310
10121
13962
10161
25230
15907
3354
24904
6988
29921
1389
20977
11574
13990
217
14207
6145
3271
2956
16033
15366
746
29947
29768
21161
22318
18560
31030
10950
1957
32552
26809
13284
30350
391
32361
9347
18554
19144
10212
4723
16709
7724
25566
9074
22976
29634
22184
23616
16630
17042
26912
11450
17681
19016
30067
11199
4554
28216
32534
11928
4081
110
10659
11016
3791
26542
16427
25355
1830
9595
25813
25258
3296
10987
3361
30174
1493
4181
4921
5103
12683
20586
3967
10312
20590
32279
13897
12117
2012
20501
22008
13308
24865
11179
22796
28990
88
9659
11322
11102
1132
11252
26930
18530
23767
28613
7275
32241
7680
246
7405
14413
20306
16310
22514
10319
30156
26369
18798
11929
17189
5491
7483
21536
8218
19555
2380
13693
2700
3089
16100
17341
18569
31043
19408
31460
23940
6820
2452
32215
17728
29246
30708
21018
25886
24847
8517
24735
25818
12396
28476
3468
15098
17348
15966
3880
9672
21539
14613
19612
1749
828
11510
537
306
13137
19891
22778
19232
27841
10831
17915
7573
28875
31190
30277
15696
1170
27193
21300
9784
10995
16558
4738
20683
15784
6534
21876
9046
6430
9160
9333
31601
27546
18336
18201
15753
16406
648
30339
30540
9264
7630
20737
4542
5002
9745
15808
17950
10363
25377
5913
2021
28358
2120
27427
20082
29290
1856
26586
23892
10766
15670
3378
18279
26134
28501
24382
12321
1934
8166
27218
27841
10828
14203
12256
29480
11627
23215
22470
374
707
16920
17070
30759
8274
18310
31151
22409
21593
136
23013
4822
3803
14932
3855
2102
3869
26816
19838
6223
30085
1912
2595
15758
24195
27295
23900
5237
4256
6823
15575
19778
22331
24876
21480
31545
7157
12613
1624
31127
6024
9202
12935
29003
19936
5322
15442
32112
2294
12594
18676
6084
4341
16443
4004
12538
14298
31662
7731
71
27351
27677
24028
13392
4701
2915
28804
23449
15617
28917
170
968
18904
22876
11887
8552
24618
30561
28963
18079
22285
30821
5390
4183
21013
28844
19051
2022
5722
6496
13877
15357
22769
17212
18797
27664
31194
9256
5440
10722
14837
826
4506
15238
20874
20617
21308
22267
788
10257
9405
10936
18157
28470
7124
19841
32151
30774
1999
18103
17459
30619
7785
11067
9876
19019
29642
4054
11456
32300
8711
20760
10161
17173
15415
22960
31478
31946
5239
27541
5005
18935
23354
32347
9699
3738
6141
18306
2003
31593
12397
6957
21203
12017
4309
30870
9232
18872
26734
28648
19481
7006
31113
10424
12079
2219
2799
4468
3957
19102
8385
11316
12806
20910
14353
30246
27674
22832
26298
6854
6075
30562
8392
1644
28222
14105
27790
15214
2081
12545
11515
31373
4336
147
4090
16373
2234
29755
3010
8246
32290
32622
31280
7473
31537
12172
6148
13508
32546
23725
5660
27086
2139
14190
14623
20534
22934
12431
26928
8262
30185
20982
20063
427
5072
20696
14049
29728
13451
20005
9555
6738
31246
15433
22164
16246
16019
7488
28365
9371
23908
6373
1746
25550
12979
16818
26498
16838
609
31082
17616
9458
19072
25642
29655
10702
29272
24501
4676
13153
11602
3779
22685
3104
30405
13361
15010
19451
11188
23054
26744
13106
29427
2749
31057
11857
5991
24278
15134
23144
5431
9836
27928
7628
22871
18821
11434
6140
8213
14434
30957
5308
25414
15145
32683
28591
15337
1883
17196
11351
4214
4057
1098
9494
2721
14261
24324
5264
2475
14289
7503
1344
23122
8091
2449
29831
27918
27940
13553
8563
12156
19574
12883
8936
382
5006
19928
19297
21587
28015
3699
244
15421
19395
24273
5729
3819
167
28896
28446
14422
9669
31832
14500
19627
27681
30861
28661
24722
32680
12172
12823
7024
9976
22772
2196
10328
17568
5527
15318
14730
10078
13116
25028
4932
27292
29626
31960
19579
8792
28000
6488
14954
22410
8932
21329
20907
5860
3469
4660
18019
3501
12073
2297
568
12647
30778
18200
25308
29229
24748
12762
25744
8821
16207
29856
5568
20520
19218
8744
24077
4781
3940
16250
10019
15730
23495
15913
29499
24550
23464
17447
2127
6490
2476
12570
25249
3210
82
19139
2532
17347
16797
11270
16606
4476
1468
13557
22701
23061
17703
24952
13622
13765
11812
29543
6987
31470
5829
21188
18204
27354
29771
3544
30317
26543
5185
24020
5877
574
25535
16876
17386
11041
21902
25494
20187
8699
31754
1840
17520
16746
12979
14257
14115
8573
16101
8011
7653
22373
29802
23039
22360
4496
20318
22943
30631
10424
10641
19951
9135
6173
13809
20035
7860
26374
12579
29764
25792
23545
13715
23312
8381
26650
13486
30996
19659
31826
29753
19944
22714
19514
7000
23534
13569
22847
12262
15854
14810
32572
28897
8378
32666
26193
31988
4137
20039
1830
28973
15599
20002
26034
23247
17046
31326
30847
17518
18445
19056
31938
20508
14410
18037
6715
11252
13227
8157
30296
1676
29544
8949
2966
26692
4087
13114
6700
21571
9107
4497
25482
32690
4574
4501
27262
15566
27734
14909
19578
8745
16134
18506
24471
5724
6781
22586
15842
26837
16590
360
21068
6518
8200
27931
30069
27150
12245
2815
175
17622
32370
3115
24355
431
24746
22868
18541
17171
11169
995
411
25558
5704
14938
5047
16906
14113
18717
24298
18349
15850
10693
21712
7282
15486
11584
10637
887
26507
9016
30618
11235
4289
22417
20483
7472
20881
22364
11984
13570
5079
20521
31094
14741
22482
3414
31564
23296
10604
28296
5672
32675
30405
2555
7941
27303
12640
29446
18753
408
4698
32619
22555
24311
24909
15769
8933
15333
14752
20635
1834
11297
9275
32361
25485
23473
32330
17112
20295
2598
18111
15284
5285
934
28712
8322
24220
14544
6011
25591
25233
28032
32473
9297
18232
29459
9061
10979
19406
26320
10119
26172
15542
16229
14806
14399
20658
20815
16143
16273
16666
11342
272
14868
29724
12531
10997
15896
24887
31799
2032
24742
15765
17228
248
30311
10441
21039
3206
11043
28235
29345
21957
12107
28940
25056
4138
19193
25729
11411
2622
14691
6821
28646
16725
10425
3398
14657
24048
32468
26041
32446
25671
13970
12566
9415
13535
26309
11076
27269
21837
6521
1767
29310
2309
4699
27253
14522
19261
10810
10816
8312
29235
1403
26683
29375
25011
12651
13045
7210
21213
29065
15759
29527
2281
28400
23906
4177
13497
23386
2962
17754
7586
30168
6053
3798
17117
21504
12109
24177
14344
17286
18648
30089
9599
17482
11629
24573
3601
27335
20782
22407
20928
2072
17277
10833
16483
5728
714
14084
20837
31741
21020
28339
9711
6772
7521
28078
29934
2099
18147
32230
27981
11064
17808
7232
7008
27316
27589
13840
3203
8731
32296
9932
22663
8247
4562
30636
2573
31094
23711
10242
5454
18380
21483
5977
7419
6301
28678
12947
10137
18631
9319
12284
31090
32705
12372
6235
1560
7243
3680
24378
7164
18761
15155
29353
20527
4022
14233
12207
24280
1420
29546
15018
25058
15983
627
24411
15564
27770
27716
12888
24315
22374
13434
15076
15098
11465
22817
29910
16547
12795
2241
13159
28058
25389
24939
19805
29046
13094
18188
20580
13874
32345
3081
28843
31408
15507
17901
9733
13620
21039
32335
2319
27473
7156
26814
17501
21497
31360
2985
24145
32223
19803
1244
22106
1649
13232
32121
16414
13393
16060
17725
5527
7908
5396
30563
17598
19026
20383
21597
27663
13997
14900
21900
20152
22225
25888
30850
14445
27980
21808
5461
25209
28209
32103
26913
7179
13874
24361
28771
29244
22901
30029
8581
20699
7605
29338
7756
1744
4916
6968
8257
27228
27170
11789
3854
31271
9609
15081
24936
24910
24567
3434
12946
20954
18162
21539
25502
23672
24562
15782
25369
28791
2655
5236
22886
15065
23843
6010
13364
12952
22847
19748
22155
15745
28439
15101
8905
8266
17132
4557
23246
18487
15816
22019
18946
20584
17508
14236
26282
31736
27264
5073
19980
13581
8525
5882
28224
29351
28876
20683
13098
16404
15505
5879
6906
32636
5022
31829
7514
18671
26982
9515
10708
21643
30871
23233
14352
24610
30319
20553
29519
15877
30318
22391
2602
21740
8635
8389
10172
31392
21192
9415
4663
27723
31463
6224
2434
20285
5554
27818
1275
7734
12778
3792
19249
27604
26738
7880
23353
13873
5979
14824
30105
2671
29264
14259
29657
18705
1801
26941
11111
29533
27676
6402
24714
9562
15450
24401
29536
9330
10795
12513
183
30066
26228
21719
13331
32575
25377
21787
9466
18017
31227
12320
8037
20080
12139
16622
7149
11104
11672
23767
17680
22467
6188
17173
13595
10084
27507
15929
29084
31411
22899
17245
27411
29264
27597
9074
16036
16141
20990
22989
16562
4189
1348
28255
2197
17827
16336
3555
11262
19529
24099
13660
408
15905
22741
16890
18336
2659
28786
31190
194
21746
21230
2875
18882
4336
19220
29213
2402
1357
21891
26506
17234
7605
779
2564
6119
19557
27799
11368
20670
5886
19090
3919
25413
22588
6137
332
23562
24934
8073
21713
1559
2258
17374
10500
6688
30512
14547
30848
8065
31594
24444
5439
8388
1273
14610
28333
20990
27374
12536
7322
12251
23596
1680
3343
289
26370
25768
6420
9656
13245
3365
29525
20039
2962
13878
21406
8110
13858
25397
21304
20328
28338
3627
32136
27902
7486
11640
23576
5154
8392
6224
29895
14692
24575
29916
8979
17859
23015
31657
2427
9493
12866
5748
32764
15764
22477
6571
18042
4910
26948
20271
30699
14863
14104
13012
26507
13832
25672
31670
18566
30360
28207
6329
23464
11453
7282
31620
24098
21553
12746
28036
5054
1887
26124
5892
593
17986
20966
22596
16793
17469
29902
9188
28470
2705
4187
2760
2542
32158
24994
24969
2791
6758
30568
1850
30138
13755
21319
8335
18414
15532
26267
21358
1310
6387
16523
6105
7440
8046
11356
27342
27054
27478
19998
10495
20441
18928
11934
16153
9277
2508
28157
8391
30548
7574
2649
21876
23557
32742
23928
25064
3215
16856
16712
2159
247
5254
22693
30462
2100
21867
28135
12801
13071
425
14549
31420
302
25454
25799
6065
12324
23305
22897
18191
11848
32564
20950
9306
31430
22083
4644
902
8685
22078
28523
28062
8020
25963
23440
16629
18972
1920
17389
1490
3276
19511
23184
25504
32129
2219
31201
28637
5726
16918
7498
29977
19075
3371
21497
28313
16224
9090
23490
30765
16558
16237
12515
15089
24951
14637
14691
18223
16971
8455
19368
17097
4511
31633
5599
3467
2892
19316
393
23924
32436
28277
10187
5549
27836
9749
10153
25813
15133
26423
18614
22104
12741
607
20185
1801
11642
16974
362
20245
284
26993
26939
12599
6852
19832
30770
16368
30624
9836
16622
29502
19301
31232
22879
16640
9106
24285
6974
24711
4418
6776
2811
30557
10834
24693
13941
14679
17451
24071
9203
9622
31692
26843
13903
20263
27263
31276
27116
24932
2041
11569
30833
10454
4709
26887
25627
15392
20110
10339
12672
32448
22134
21838
20736
7207
9119
13882
26907
24118
31899
10643
23609
23050
29898
12598
31608
13482
9225
29772
14382
10349
12702
28800
26978
24383
27128
24294
9483
3653
17965
1443
18614
22729
11772
18851
27603
14440
3499
9703
9938
32695
29637
24393
25563
25148
5251
4632
612
21283
27436
18163
25810
32572
6956
30003
12773
32263
14572
15374
492
19596
11843
16270
12765
27224
17031
14980
13738
5719
768
3595
5883
24095
20169
31116
2489
20365
1564
23039
9970
29365
19795
26996
3683
30271
10613
28832
28152
20459
13871
27419
2517
17839
32273
12460
1558
3920
7775
30214
1503
13432
24479
16207
466
28550
10109
31442
23840
2348
28911
934
7770
13839
6767
23895
10337
23026
21929
15188
5933
26829
10894
23169
24452
448
14152
15021
24195
4171
17346
1646
25587
29858
3193
8761
29445
8489
5178
12903
3017
30062
21794
32234
11545
7559
874
22566
10486
9762
29733
28548
4056
1370
30844
23331
23568
10657
14877
29292
5583
18275
24539
14330
23427
18714
12243
16156
8307
16412
20578
7273
11836
29838
21210
30011
13137
3575
27953
18466
21843
28338
5271
26164
10974
26481
2366
11110
17562
5083
16598
6373
3199
7772
977
23879
10717
7249
4416
17363
8833
17328
12847
4227
28882
23538
26262
26206
797
5119
17620
17859
25981
30461
24083
4091
18260
4904
23361
19038
5380
5035
13830
26187
14905
1222
11238
18832
24373
8979
17039
1075
20356
1701
4777
20340
28135
30001
23539
11603
12351
19515
25798
17586
20783
27933
24333
9132
32483
30379
3859
22351
27987
2344
7821
6377
19176
32050
754
24800
4916
10414
27557
14417
14035
29733
13190
22413
25190
27820
434
21055
4006
30391
2753
18786
9307
8444
21553
11601
32375
1291
18298
23938
15146
25885
16031
3373
7543
25184
4436
4061
1850
1301
26365
19001
8559
14381
31784
26257
7271
14602
25540
27515
27033
27603
30509
16642
29006
29661
20264
29268
7385
22495
12067
22998
31496
14298
5271
5546
2431
27447
17260
29211
9864
7386
1235
9348
22669
8461
8243
20104
16374
27209
13252
16809
32593
26692
32456
10904
26878
6503
1491
13397
18997
6078
17903
17792
28400
8105
7115
18028
2518
27286
24827
29634
14284
3575
6117
25566
19026
15980
26630
355
12897
28497
2240
13403
29329
32309
10466
20784
17718
7120
2370
29087
19283
2540
7303
24200
19712
18113
27385
8296
8926
11796
23709
20738
31446
9207
2837
23798
1152
23249
31316
22796
3324
21538
20055
1393
11444
26027
7067
19282
28682
20437
22380
1242
16500
31770
28811
21379
4528
25004
18048
15444
27254
4579
26885
14986
8300
2117
26009
28451
13571
3875
19620
5710
30749
31417
3745
30006
11499
31438
16454
31906
3272
29639
22692
2842
9275
29346
3292
25053
12070
21302
6500
29718
9289
26361
25389
6634
22164
27085
5799
5050
8624
22226
6497
17664
29174
12292
9549
28496
5217
25171
30396
527
141
7907
10477
745
25800
13193
25817
25699
4284
809
5930
10939
11495
9794
18883
7391
22003
18748
14082
4601
22495
4951
26093
14264
32660
6056
14939
15532
32379
25784
20934
7283
29106
21857
1279
15675
16750
28349
4707
26337
7105
21728
14224
11188
16180
13019
6378
25968
24102
4924
13935
21655
6187
19133
19107
3204
2869
30076
787
21397
5276
14785
30968
21539
3580
3828
22148
32167
21264
23862
5653
28793
25856
25184
553
13530
16076
22945
2040
20652
24679
32102
5118
20593
23365
23690
16961
15440
6496
28195
23880
18332
8638
28840
5908
8465
13661
14381
11686
14592
22988
24069
9985
11142
17203
28630
18973
15907
9362
1975
17548
19461
841
29256
24813
2796
386
2760
18569
11860
21927
29877
21152
6570
14494
10846
18167
16156
12864
4108
28046
8817
25755
17668
2697
31303
12615
21152
22393
32308
308
19628
23885
32547
3354
11368
10518
9111
30333
4072
11675
18990
9527
19676
22079
26956
32553
26064
23500
11166
19800
26216
23580
19396
17832
11961
6430
19671
20377
6948
26121
20681
31011
26280
26112
25462
14103
2659
12500
13010
886
32465
32023
24825
25636
29932
10826
5576
30204
15054
17726
4083
27825
16397
25922
15728
27448
24944
9781
3736
13165
2574
31579
9540
8350
17868
712
27486
13881
5849
27023
17524
26159
963
22544
22632
10933
1077
4003
19587
18717
19293
20234
14449
28153
17539
12418
8342
7522
9340
26329
30841
22862
6632
2286
9852
4739
20553
22347
28346
27309
19087
2923
4982
8679
8963
3857
4203
14554
12770
28651
27320
6232
6255
13020
13568
486
11563
24755
10834
8848
20181
19565
9426
1433
6713
31314
20737
27182
19575
24071
3128
2766
20454
24573
18136
30973
24985
6141
30569
8935
4978
11863
2376
30383
20645
19513
351
21712
20322
22808
29148
32074
5664
2149
16473
7987
20808
8850
27736
1996
22186
29391
22393
4638
7410
17869
11052
12211
29332
11856
6157
28663
30416
16356
28571
14535
7373
10563
26641
6670
6292
6957
4799
29663
26857
28385
5910
26930
8269
16006
6834
29029
30693
4134
31157
12996
11385
31586
11798
13439
7169
2209
23302
24804
20976
12301
8587
6453
8470
309
8593
4667
6788
6600
7314
7974
6226
19360
14216
25359
26860
3123
11745
19991
23450
20223
2921
5377
4651
28542
24608
25100
8715
24275
4050
5072
20335
1141
17575
5027
5948
16029
7232
10905
26640
28195
22498
8576
12269
11112
5984
10932
22798
2143
7708
10904
4176
30270
8794
23765
27333
28712
4996
23324
16033
20165
4578
26128
4094
13065
9092
17815
11306
9743
24385
6177
18337
27048
18098
29190
27568
30126
12395
2454
27475
28506
5849
18111
30933
23566
13717
18467
25513
14720
7012
29682
5337
22245
31987
24385
13240
16987
32563
1230
9554
16559
16194
28347
16872
5632
16898
513
10053
30986
13261
8678
29084
2270
26299
27554
13293
14332
20881
5405
32503
21945
26684
6923
9672
8431
25443
11955
11611
8678
22963
12234
9066
13445
19542
29753
9117
4863
7506
18342
20900
9649
14336
8983
30555
4236
13950
232
19475
28276
29091
31492
7349
15222
11828
781
17422
17588
5926
9433
13673
14850
29137
9297
19680
23482
18605
30688
25642
1947
18293
25034
4660
361
13839
3731
2574
25830
23562
16562
22511
10389
8354
22550
18722
2153
15689
23561
30451
21683
15168
11787
11205
13521
3347
24193
31251
31154
13583
1827
15790
12636
32608
13890
6341
24923
32113
31452
21649
5998
23092
6605
13182
3222
25544
22897
24251
26414
15229
9044
5453
7291
2868
14296
26315
27646
24619
29355
29637
8906
23938
3175
4022
2581
21517
3549
7680
21274
31611
137
28640
7547
22346
3015
30381
18694
32727
24014
4786
1552
27867
9279
6674
21694
14925
21997
32322
3413
30239
20991
8783
9506
4847
5101
18154
30224
18066
17454
1775
21580
6818
20535
23321
21028
22434
29006
30574
12254
24127
1057
24437
11596
7893
52
11449
29567
6666
13839
1536
22005
21362
20120
20275
30295
20977
2231
22746
21890
21856
26070
12090
2081
17168
17121
24493
24269
24304
13824
7123
7312
3088
23290
22065
4067
30488
28378
23628
7521
18495
16956
31934
11404
30607
25670
4894
6403
12543
6706
11079
16744
8349
13925
23132
6302
5820
22911
3104
16354
28545
658
5743
29352
11326
12257
27674
5080
7039
13369
32438
10501
2693
2825
26042
26441
23208
22626
30924
25674
463
30050
1569
28055
16282
29648
20563
19298
7465
31558
18726
11022
29343
18684
20963
23257
10322
28350
15512
15476
32670
5392
11333
13482
6000
8314
3566
14917
10588
1831
2256
30269
19150
24419
17039
22441
15653
3155
22176
24637
1048
12474
21231
30126
20490
15055
16074
18735
22557
13324
23901
15452
5940
18986
26016
16591
12223
31626
678
15985
2169
16955
988
23791
1305
26335
23638
8423
29507
9665
3015
24784
22790
21364
31197
24156
12407
29375
6443
16452
29393
20532
24718
2900
16308
26793
24770
3520
95
23270
26865
2280
6392
27779
26408
25647
3321
32337
10287
30630
5354
6447
13333
19426
19298
29715
27061
24589
22844
17820
30827
8573
32021
5746
22384
29344
7613
1691
18210
10805
12567
29068
13609
2899
6405
8478
23956
31821
20369
9234
23935
16182
5823
7359
617
22290
9687
17050
22326
12875
5632
25255
24832
30259
20444
31588
31088
12045
12509
8331
21087
22476
21843
30328
32659
24812
2196
24119
29754
12216
14290
12900
9177
2484
3958
9940
21553
25826
18202
22294
10445
5919
21020
12979
1190
9023
32582
7027
32129
31519
4985
6327
5091
4075
16164
24982
26999
21699
17365
5067
3287
27954
1782
21637
11524
4274
27550
1406
22730
13962
24529
12467
32141
12869
13887
23006
24586
1084
7203
12482
25693
27479
8846
19573
11797
25359
26588
281
29495
1854
2290
7024
23281
27867
18233
12570
17596
6270
9923
14018
28235
8029
20891
24698
28348
13929
29117
3637
8029
15661
13586
10911
28057
20288
25804
15591
21669
12174
14978
2383
11437
18636
13762
8909
3348
28662
15895
18938
23751
26189
24723
28994
31305
17076
25640
12261
23992
18748
5991
32528
30737
21195
1428
14408
604
20756
6720
11927
25672
11516
31479
26026
11753
3376
21428
28652
2637
27671
30256
19399
1258
13226
12013
18809
6723
1539
27515
25330
29551
1389
8473
17951
28622
6364
20202
14604
12869
21419
29846
7665
20388
25320
20567
22848
20226
2285
9766
19250
12779
29051
26367
11833
28829
32737
29098
21651
12077
8239
11146
22656
5422
32591
7571
20701
21837
25473
17011
11427
31002
23544
28271
1020
11114
2493
3851
21130
31773
5113
6533
3984
3674
2196
15517
17409
16493
12750
20412
10513
25445
21221
25301
5918
14828
26914
3073
3677
28864
22872
19809
1117
25395
18620
18487
16985
29527
19242
10463
25952
10330
4788
19461
14997
20547
13978
14195
9914
7896
27312
4445
25700
5528
10622
247
430
10280
14741
32568
31076
4560
22498
20960
26076
30102
2042
7008
24789
26104
9311
5184
9767
24113
31976
7415
14939
31470
8974
11589
19307
27122
6772
12899
25382
1866
11953
4971
20092
20591
22185
7472
3683
13401
2464
8355
19054
3288
19357
30291
28804
7823
30531
15371
24560
997
18325
4866
7761
11971
7164
20673
24222
7813
1648
17634
404
5792
14719
55
12133
20725
19551
27068
10843
27127
22313
659
22082
14198
7185
6274
4635
8057
32405
29452
27411
1473
16573
6910
773
30839
30033
21519
30757
10074
19451
5168
31926
16050
9728
10726
21703
1614
1810
29422
30934
4704
32302
25435
9204
21497
22775
21303
12662
8987
26480
23342
19093
18217
20844
7137
11948
30356
21445
27391
14996
21042
1396
10456
20269
14473
20443
1119
7156
26296
22991
2449
772
21685
31890
11704
19023
7005
28391
31740
11300
25467
12170
6450
24658
28693
18758
24991
21095
7333
14520
23876
18439
23692
14069
26845
30203
3920
32463
31104
19351
13252
6588
16920
2854
13800
14993
15562
630
1489
6979
1142
582
20034
29736
14507
23392
29932
7574
660
10960
27699
3815
21826
8311
2537
13873
23256
12409
15526
29125
3358
3323
10919
2692
15358
25979
22666
19514
25980
32001
5469
11962
25641
1148
16676
19631
27197
18008
26242
3689
11235
3581
1907
27636
23512
27913
5090
924
23302
8762
30297
25783
6268
16121
13092
22185
12228
27739
4159
12357
3439
9010
2858
21827
27931
7402
10615
8385
12141
31767
25066
12052
12164
20683
9271
6099
3874
15979
15157
28478
1244
18688
31739
25194
2450
2649
3564
2174
20681
19038
23327
915
31049
27020
24189
17309
3472
4556
21200
21651
13696
17063
5743
31405
20215
20941
4940
571
22192
18714
9275
17463
23803
17097
8179
19525
19458
24479
27790
19062
26444
13379
7245
5715
29978
25927
11853
22724
12280
3787
13696
17963
17325
18506
18404
10368
17785
7412
23527
15436
24728
29768
32524
30173
3869
26557
17839
8021
5016
10642
18956
27225
4253
8571
6207
20772
7226
16688
15728
25526
22224
26294
32650
32349
18317
31211
30182
24870
20418
15338
19539
7044
13583
19939
27934
22025
27710
27160
1914
32454
30522
1081
5980
5347
1938
18100
17928
345
3784
24848
28762
29928
5766
10529
19868
4131
18186
8700
1777
28998
3682
15995
5237
17285
19800
17722
4091
20892
2490
26554
28507
12676
17229
8684
7285
10857
2910
13400
22630
19886
32249
3815
15537
22383
21892
30045
26291
4951
9355
21671
9089
22897
26254
15007
20179
12357
8205
3585
22744
11182
4084
12313
15650
9028
7171
2840
1506
2309
24290
25024
21233
21699
14858
7438
28977
15414
10660
2660
11178
28382
7150
27717
5712
31067
30839
22107
426
30603
21657
5404
15087
12333
6245
26487
6224
21237
21403
10602
9184
3297
5773
8687
11316
12094
5329
2
15706
3495
12569
32156
10193
12172
32258
30171
14669
31048
29220
30835
2752
9227
881
10647
9517
13676
27468
2024
460
14332
7813
24895
5341
31937
26277
32048
24008
26312
25567
15337
32453
31187
11491
25750
23732
7799
29727
9042
28888
30035
1394
28237
17326
16241
10161
32394
9053
10006
18090
32676
3689
8382
8541
10086
25725
25112
26399
15369
23050
17028
29238
4350
8915
21803
6466
25790
21536
26492
13178
7619
31403
19608
2259
6471
13233
12261
17548
11526
27650
4445
15632
28060
22799
2631
17275
10509
17552
5635
26608
19240
20639
9808
3953
17141
24175
26213
32214
29080
5133
5479
12435
28924
31611
20819
409
1682
15989
29391
16897
16425
24485
28284
26013
3529
30959
8847
24605
23254
30462
11247
9209
30120
13307
10666
11711
10792
25946
13027
5847
7160
8136
807
31806
32394
31362
15794
6971
31108
867
21354
17786
10040
22477
4831
32374
1532
15381
4224
5461
20786
15149
23001
30462
14936
21000
4320
26581
4511
24558
11296
2954
3124
