4547
8
7477
13205
2096
23129
31436
5764
24360
15550
25658
15880
23653
7494
15093
20559
31330
27303
25554
10783
13291
8256
309
4376
29073
123
28677
11901
14838
4495
8046
24095
11669
28746
16483
31298
29098
32431
30194
6350
19950
530
10768
13671
11802
2782
2467
19525
10220
12178
26229
3669
30714
17558
6502
10648
28455
8622
4718
23466
1502
18743
21134
492
31345
10816
525
29091
28623
4644
11877
26197
3507
4125
29129
25351
18479
28360
2840
22932
2032
10733
15511
12522
22775
153
4189
29631
13097
23642
5096
17323
34
21013
1553
19886
12608
25067
30795
983
5013
4717
7132
21097
6119
17040
21979
24468
23168
29981
7501
13583
7512
23983
16541
26642
13963
25754
7488
19553
21407
22133
16249
30312
12507
13321
7312
8538
11599
29223
19601
3006
22558
4451
10036
6705
26262
6051
8942
22080
3088
16530
14133
25806
10377
29060
32461
4497
26320
20069
11445
5355
16815
19610
28902
2827
9737
13052
28367
8215
9872
30197
19905
5398
27494
25159
24918
105
1754
10112
10075
15270
29540
31193
31568
1620
11239
11804
15638
14800
10400
22774
19099
18255
24892
10725
4444
3809
5491
3046
31393
30210
32104
15340
1272
1522
13422
10708
13691
10743
4956
1169
17769
9684
26860
21878
7707
26885
26387
16140
7683
29169
19339
25310
3352
11220
22551
32651
32251
567
17679
19206
23644
10971
20319
10824
16950
16797
6319
18276
27983
5357
21353
22084
26447
32679
2041
8087
26978
9312
13943
26775
364
145
31726
15393
23958
19397
1109
6673
7669
476
4389
15230
27222
16022
16913
19496
9754
1398
752
7695
7568
31242
6352
24184
15493
17656
25512
9988
12935
15333
32147
25883
24386
23806
20579
12689
13926
20506
11085
148
17990
1345
556
24384
17947
19323
17579
15988
3817
6483
10470
32582
30524
32272
5141
25567
17490
20445
7664
29983
16954
21863
4375
19080
11000
2647
25564
849
2421
438
31283
179
3522
17846
25627
17976
29716
10587
16051
24593
16714
8480
8441
15356
3885
1310
23667
27331
27465
14586
13589
32051
5450
29427
32564
24145
18841
30241
13309
17671
17887
26445
9634
23628
21609
11434
18428
28514
30519
20851
23167
30838
14882
19242
5023
3138
2389
18627
28432
9991
4205
12040
22399
30920
8087
15621
854
5289
24357
25980
18432
15246
26136
14548
12268
8341
18845
488
22640
17833
22467
6129
11004
8462
10062
17515
4772
24387
23037
29982
25783
25597
16607
24599
13403
8407
22973
11748
18306
11505
413
1977
4990
27460
26957
16703
1796
7851
29980
1566
12921
23241
3471
29986
16966
11667
20069
22914
15442
24383
12399
16466
18958
26817
5353
16180
19055
16120
10185
10085
26376
22577
14848
9910
26082
13949
7256
17493
22282
29699
32551
13087
18262
10252
5130
32116
20240
32198
3667
2156
16055
7505
29555
27161
22860
25902
12771
26632
22466
5317
15412
15742
27178
15934
4789
6552
32454
14664
5800
13558
23454
17334
25124
31409
26552
3875
21860
16750
28893
2342
11128
23102
5982
14514
2673
21566
29682
28517
20518
4510
13481
965
224
17491
14333
23462
8940
25666
6685
10720
10640
15850
11335
11418
18460
23368
27395
8785
3445
14251
159
11883
10492
12084
23129
30292
26810
12620
3444
31000
16842
10001
24044
6234
9592
5987
22085
30270
24627
16147
22468
28199
26615
13861
5228
32408
23285
16574
31319
21427
1539
19519
24960
17326
31966
18448
13551
20349
4430
1877
12727
11414
24793
13758
3011
2043
30201
19431
32006
16510
4533
8062
19875
27345
18370
21056
6685
20828
5110
28129
9110
24961
30222
7425
30574
9529
13644
3916
26874
26495
3536
9044
30142
13738
15673
22222
26358
12594
27568
6508
26976
32493
22789
17383
952
32078
14058
4819
8729
7909
18885
15444
32415
26050
29750
17329
20502
32494
22954
1235
25411
4104
24475
49
10878
28999
860
26245
11019
28385
26879
11904
23756
14423
17435
24983
12202
4457
24847
3446
26836
21266
15476
28506
8485
15902
22624
24696
16048
3550
22168
7997
16104
26378
23976
21509
25138
8060
7534
2283
3564
28717
9825
23189
20185
25541
25672
23916
6779
14716
16378
31618
17398
10084
18267
14940
25340
26832
31991
32217
26619
23784
10029
16363
16966
2624
1492
27524
23302
17884
30917
27173
30260
16940
8629
19599
26203
5139
11616
6797
19395
28573
3088
16055
2851
12824
709
4486
15835
11403
32362
1193
12188
10186
27052
5715
30785
25979
14314
18163
4539
10854
13510
7867
28295
18424
914
4275
19791
25589
23856
22816
28064
6652
3954
4551
562
30797
19638
22713
12959
23795
11382
16143
27220
30298
9038
5187
4293
28633
4533
21243
455
3929
2021
3252
18738
3898
13294
6361
32542
22323
18508
27283
17519
17521
5467
28580
27905
1003
5126
29941
20998
11050
1653
10865
13627
14740
21781
7067
27081
17573
24640
2031
21043
18893
22457
5763
24064
18902
14589
19520
11739
11841
4070
165
16073
3648
11231
27925
15925
27158
21487
30119
29765
28368
14150
26570
14062
2124
16505
19360
23131
22402
21541
6247
28195
28329
22639
1771
14255
22729
5549
20564
30594
16408
17882
19555
29564
17460
21616
2596
27574
110
5493
18679
28167
2206
3053
27463
3361
15563
29047
7770
5644
21409
19090
27635
30313
5678
2729
4481
27018
26074
8249
20335
3190
28422
17230
6856
9356
7323
31891
10051
11078
5574
25195
6108
2109
13487
27220
17857
7700
11996
29077
28030
16620
9688
16437
5508
5219
5081
10696
4009
14933
26273
21564
16521
9801
7955
16661
4134
21867
28692
19251
23996
9929
21971
14279
32033
31299
9447
14197
25481
27858
24770
2763
7032
14213
32513
17718
5309
17989
21837
11518
12179
13688
29527
15808
17493
30491
4599
25625
27211
2183
8205
31462
11027
31585
725
4298
12345
15895
9828
9900
4211
22963
8243
24208
873
10492
6655
18538
27223
19614
14176
14633
9527
13310
32251
6648
18975
32602
21414
13094
9617
28163
11735
19439
3899
30017
10931
11395
9370
7125
898
27531
409
2158
10397
12751
14551
11815
18132
30540
12075
3925
5313
5852
11535
13668
1105
3117
32214
27147
15169
795
11020
6299
28396
1005
16828
30482
29664
700
14156
25152
16964
21012
21351
6923
23254
15388
21039
20664
20972
7044
13160
19964
32293
25691
6897
24030
12302
21024
1214
13929
24621
11202
22557
14676
15591
20183
18513
24123
10290
31639
8610
19981
32327
3479
32264
15580
4227
12319
14573
21931
13555
1617
19864
3922
10176
7259
28054
1406
21249
19503
5194
30178
26898
32135
23403
6279
16601
5815
31175
6967
24287
6500
28926
4037
9148
25651
4977
2142
15155
22266
15275
10725
11600
7580
14784
2608
2516
15530
1410
18174
22448
32498
10102
27518
21053
2626
6509
31294
17008
19525
22298
4134
22588
30774
30726
10776
111
18562
12309
8952
13356
29487
10237
1105
5563
14595
15311
14744
6880
11931
9813
17133
19993
14813
11393
8740
30314
28908
22278
3711
32275
13341
8057
24696
14751
24586
13435
11650
32065
5438
21101
22383
5412
1208
7292
16193
12976
8434
14005
23660
22926
12334
20435
8824
13841
572
11387
20202
19266
10531
21507
8750
3462
22739
4752
1836
13688
20789
18596
21425
15567
22677
3533
11749
1080
15078
11301
26272
7993
23655
11458
15614
16440
23986
24787
13335
23030
4373
1161
12737
1677
15834
28022
21800
24233
16463
1537
17167
26301
13197
24863
23330
26661
12159
15492
3625
26351
25675
28386
8578
9047
24472
26088
24246
15678
4992
25318
24972
5624
22940
25377
15203
6717
17607
29694
32580
32721
8552
27685
4130
26804
450
15344
19735
4669
16786
12775
28355
6213
13944
24215
24313
19016
21939
8363
8289
26339
24967
21861
21804
30743
19307
14407
4391
1664
3883
32689
2283
28118
16164
2952
23726
10277
9544
24031
1187
21901
12285
24636
26466
6683
24743
21923
26980
1935
15150
4887
14043
16819
10434
12161
806
22342
25229
24753
27842
15907
18258
28156
20098
8932
6750
25425
6783
16608
22806
4742
31444
2429
31908
6059
15628
8536
24417
4101
24059
8455
17336
26461
14914
12476
21737
21793
1903
2882
29082
26733
29116
18123
12266
22697
18028
6645
14703
29959
6387
11453
24226
5134
14441
20723
6594
32614
1120
10546
24533
2570
26991
12228
16408
10623
400
11644
29798
24615
9773
7887
26812
32583
1194
29532
14900
25792
27924
879
16259
31338
32563
17984
18080
14442
30832
14531
12472
30637
23205
5726
27840
2096
17858
31224
18054
7956
4838
16623
15126
11478
27850
96
30615
20837
19505
7244
29349
7605
5050
26453
6802
21775
20765
1824
2340
9377
7370
6053
12174
16761
15738
5644
26588
21967
18590
19075
20802
13511
23317
12275
26270
21130
25560
22894
8278
6733
24221
8330
30990
14201
18944
31477
29410
16811
22850
25538
27044
30323
29015
16679
20876
27449
272
20204
22
6636
2228
6635
25239
2119
11090
22445
28458
16960
16210
9270
2045
13492
16858
15995
14850
8023
3491
8975
23751
25687
2468
9350
20325
21306
31753
20352
11674
10274
15233
29625
27196
14821
14954
32724
24522
24142
8992
15175
10941
11120
17006
32720
2635
32511
5086
3041
543
2186
7070
12325
17124
16824
7600
25798
10496
11494
12315
13534
7174
15111
13124
27945
24714
10938
21227
29545
3969
13615
7716
27663
10032
16300
26244
8207
8585
25469
21257
5247
17082
2959
20426
2927
28417
24601
903
19688
14085
3205
27894
9941
22965
13102
14171
28020
13659
16387
10462
15325
25633
2038
8730
12804
18867
19121
16648
20471
11947
5158
13015
14797
32007
1915
10702
6307
7696
30698
23886
22791
12518
23931
18182
7104
26650
27439
11151
21231
29114
15618
24905
26448
31634
24548
26291
25317
6135
8522
28157
6549
7652
30125
25371
13761
20286
9942
711
10307
6572
27053
16839
5178
8434
9076
18024
20598
6806
8401
1407
15623
32482
6833
12278
17158
29868
4319
10375
21852
14001
22667
32312
8291
15299
9392
20531
7620
27466
21132
2643
988
24282
12115
20228
22448
26217
2180
14183
9277
11210
6487
15566
299
5395
1815
3972
30997
12516
5666
6157
14774
19504
7906
28556
7253
3597
31480
20369
7258
12079
22788
24983
10387
10213
32700
21143
13329
3798
17784
14117
14616
32228
18108
6463
22907
1344
28378
3614
8048
16812
27186
23886
13563
27348
3213
32346
17814
23098
9869
20173
13910
18737
3929
19158
9815
24617
5027
27998
8074
9777
8057
29691
32322
22294
24863
4122
11118
3886
23342
24120
24288
18110
1347
28073
4916
4554
4542
16137
27024
1336
16272
25285
22945
15397
9170
22388
11705
1443
12487
16874
7272
28222
24195
22545
7647
5171
25358
2832
7355
24813
12816
14107
9364
1556
885
20154
25894
1564
3352
20880
31724
19702
15658
98
20980
854
21656
24887
21473
15569
9797
3149
1691
17095
4906
13062
9232
6077
18524
11373
19961
21899
7543
22079
13437
27938
4561
17258
19238
22456
25795
29110
25311
21937
18652
31552
2098
10715
1139
9368
17068
17401
15977
6104
2500
4284
19141
8837
5435
22002
25866
27760
30085
31327
2768
12660
14232
4780
21456
19369
20259
11407
10791
18657
2729
24240
15487
10910
29572
6309
16831
6866
19782
18311
31639
26822
23930
15847
15438
27106
30578
18910
23557
18109
4913
29964
5847
30141
23967
14690
11685
2550
28931
1610
31900
23451
12717
5740
20654
20670
15838
21584
15975
4031
8526
6644
23727
4024
7509
30109
17534
477
27834
13801
21766
29833
19227
23699
24648
24587
25455
27257
21823
32758
24568
11489
28363
3283
16232
4870
19463
29003
27358
29951
5010
26575
6948
6365
10911
31218
1971
19463
20267
13514
22596
18568
21082
9166
27101
27040
10876
31427
13871
5243
8451
4745
32585
22903
25237
22795
30407
27593
18214
6568
7638
14503
16205
10267
3303
2826
28777
2568
3038
22225
8295
17851
31529
17562
24205
7449
1712
4034
12812
9673
17989
31833
21029
6448
26450
2659
10192
27672
17860
26340
6735
29140
32063
29992
10427
23179
1573
18989
7615
29870
15737
9309
10026
26663
6447
27890
18858
17011
23776
16241
22002
15452
28484
6787
12488
12208
31421
155
60
9334
25570
15881
7655
23560
20005
10805
22816
17392
1630
25896
4523
13221
2356
26016
31073
8194
19633
30250
7528
9463
13152
23411
2398
31141
24871
5651
25171
13364
23080
20664
6326
21291
17449
29937
22520
24160
29083
22367
31294
2903
32035
16734
26827
10714
27799
28845
29307
12448
5230
30350
7690
25659
3870
2190
14855
9518
18460
31768
15138
1807
1805
30752
28928
8549
26017
11744
617
2892
23893
32678
22494
10438
10434
26720
3830
29482
3246
3944
26793
7719
6407
30944
4351
6555
25332
7614
17341
13218
9821
27978
27804
11039
4178
17472
7698
24086
26691
31738
25633
10407
25368
2994
28581
22023
31780
6398
15998
31553
8758
21387
12124
25647
22978
21883
8375
32074
21312
6073
9022
11163
32536
32248
27813
21517
10719
13868
16712
7289
24597
17230
1987
15308
18658
18801
20123
10822
27929
10606
11204
21910
29145
1803
22894
6749
7852
12376
6527
23401
5500
31296
19318
25223
25461
26358
32367
20053
32706
25593
14387
18736
15102
21709
10928
9392
12857
21421
23351
31519
16753
7617
8449
1964
9983
5504
12633
10284
14379
2003
20577
17163
2729
26825
31043
25440
24797
22247
14325
10320
2201
7245
17406
15623
19198
26770
14675
1429
13104
17432
8704
22552
24495
18547
30421
22978
31542
24534
11549
15950
26063
11954
11015
20791
28079
10289
9635
5939
3624
20004
25598
26141
14487
6898
9146
26287
3524
309
24615
22314
24391
21491
4226
13534
11822
8394
10267
15309
18094
12162
15324
8131
9794
16819
21363
6542
5072
2468
23148
5132
15621
28102
17760
31246
29146
173
28415
25261
2067
14007
22583
9391
16127
21181
17613
18742
26400
17154
5214
3840
21328
21796
31966
11492
23605
16960
9056
8926
25090
25809
23577
17386
22668
6023
6821
23814
13209
27386
15366
2019
784
14365
6412
3069
19785
12349
10911
355
26315
8186
19725
18575
11302
17769
16777
23683
14987
13387
25922
2416
18793
23624
12967
14320
13544
10524
