7187
29916
17355
5316
26864
24833
32336
4240
3051
28122
14642
16214
31470
30400
1036
8726
20435
13417
31900
1437
18462
8936
9360
2732
9851
16751
24926
25398
12056
17923
31661
32541
18627
28585
28321
8837
25326
19648
24681
4748
14317
6523
14235
25896
25844
29422
18858
26950
24682
3269
32298
4678
15721
11470
22107
13480
5663
21710
10575
6645
10004
29012
31763
22307
22385
27380
448
27742
25070
11727
24184
11837
26255
748
5750
29145
12793
15979
3148
13783
9903
27860
24973
6982
22854
31601
3272
12549
12449
17500
18251
23280
28752
1919
18861
25016
19071
648
6664
26981
5827
27376
27198
30916
29969
17282
18525
21419
6104
23627
16427
31404
17907
5233
27751
27254
19589
27276
28420
89
10303
5163
29078
13014
530
30137
17764
525
26434
21483
3479
30315
29140
20896
15363
2062
17505
24315
31571
8040
22230
15324
10383
5298
3762
22341
22465
16969
14312
10612
29623
20283
10641
22096
24403
16481
17924
32481
5878
21689
11220
29515
31073
7910
29049
8921
8742
14171
20993
8061
32253
10787
15419
9248
24639
7124
23953
2095
4081
672
7609
13074
30634
26812
7636
2913
6203
18602
3441
15274
6123
20597
25149
19805
11242
20229
5895
11056
10465
14575
5114
29972
760
23072
12105
30497
26694
25373
27707
14948
29516
2262
18978
23795
26852
28830
10135
31974
14132
17103
31379
7577
7730
10646
23754
2192
19758
19810
26488
21112
32120
16373
3399
5004
17021
16753
13257
14663
18940
19413
14092
24920
7830
1996
7416
9033
17479
2967
23690
24082
6605
30177
10924
18027
19193
27803
7698
14923
13732
5923
1127
16511
2142
25082
11407
2269
30577
31326
20062
7835
205
22100
466
14252
10125
15722
922
27909
29286
17901
22630
7362
3212
7651
19270
21487
2744
8856
6879
14162
14524
7927
15151
31444
6963
4554
15655
12250
9976
5864
1462
32704
30380
23101
23481
20465
17578
16630
28736
12955
28258
7836
31552
25360
28186
15950
28669
25380
13423
32456
8455
10124
5904
10389
4769
28204
17287
23456
16003
5050
10479
12195
20240
28379
31808
26837
7953
1193
21058
30944
19968
26815
29604
26619
8105
10806
30381
16948
7822
6303
24036
16105
26602
25796
19026
24844
23180
13357
18649
29866
31904
25433
10102
129
10533
27300
25267
24698
5333
30779
8593
7367
6240
8585
20057
10600
6528
15506
20567
17714
3826
27867
26508
16701
29046
22730
25229
17649
2044
31061
9483
1993
32177
20349
1668
28966
13290
26759
30655
9960
22004
8777
29264
21397
1604
28388
31736
25262
21062
1515
23746
9405
15627
27012
11924
26816
24265
19471
25182
9237
23794
27161
3452
12590
23681
14307
8735
15183
7959
5830
26356
24004
3904
21652
25168
2119
26087
31072
19345
13739
30750
3726
19374
26868
15195
32496
15641
17095
28831
6848
24916
7061
11276
11858
29879
7376
21387
11559
6154
17231
3662
32315
5920
2407
13303
26779
11409
26112
13229
11994
14242
26460
2956
8958
16431
16218
28338
9595
24420
16974
16473
953
28013
19919
17620
31184
8036
12484
9646
30059
28834
32452
1419
26873
10613
23754
31973
25840
23525
25584
26400
5700
9455
5788
19798
10724
9228
20349
436
1907
23575
13180
23369
30114
11236
31040
16204
5892
32121
24719
32268
7702
19069
24759
23170
19311
26259
4861
13281
8140
13234
11382
12392
3563
20313
1905
4243
24331
14461
20294
18417
10701
25551
4782
19701
18433
16540
5739
7273
9294
319
22899
19217
22471
18328
14237
3180
1917
14864
7058
31877
24438
25296
31512
8072
11436
22931
31319
18458
31544
10472
20070
28913
24608
20805
16287
22018
2779
3517
2898
1324
13572
21814
11826
32335
29266
22889
8551
18442
21807
11924
13328
12623
3931
5818
15549
22362
9890
1720
32019
2535
29827
26291
22999
24126
11704
13663
8469
24363
28594
13608
83
11639
29277
18981
19904
11438
15078
6240
2383
16094
6160
16937
7682
10784
3665
27346
6447
23330
18256
23449
32485
10142
22813
23110
16570
19947
617
29963
7175
1496
29459
30088
24670
18852
11285
16312
13270
21380
3620
24086
20002
25891
28628
32503
24284
32333
5788
25804
8663
16066
11276
13198
20205
23745
21907
23342
2121
15884
6769
27826
24803
14778
25731
4758
17364
28898
13165
2828
5584
31603
32101
14708
11365
15252
23816
7920
12363
19993
29515
20146
28512
5931
15190
2708
32050
28428
9469
4938
2693
9158
21454
3661
23436
10344
23619
22033
29897
31201
22681
7685
28940
9892
18853
7249
10684
16051
5787
8874
13756
30815
18307
12395
7509
30630
3559
14826
29426
10305
28246
6316
17632
15537
25934
19265
22539
7521
15874
22442
1433
26195
1320
4175
29735
6918
16814
19778
12354
15067
15861
6285
20459
31789
28845
19278
3019
3842
15092
4383
12154
15795
2024
30749
9638
28157
15295
21393
32756
23597
1657
27176
11384
13106
7507
10295
9844
9178
11463
10738
30079
3566
5539
1873
31095
1927
30484
18586
26650
22855
1594
21378
17124
25704
2661
14200
19192
21326
7003
6300
4765
10376
27383
26502
8401
10976
31071
28115
21966
23094
29469
29357
18975
6079
3843
4518
12177
28323
8438
17162
30115
12338
26760
16468
31980
9799
17694
2622
16731
27298
9094
19003
658
18250
2115
17098
20206
27643
1435
8513
22540
24573
32059
18158
31460
11693
8299
15770
27119
21475
12604
19899
12359
3704
17434
299
12404
3174
22516
25636
17532
905
15211
9084
29632
19590
29837
6876
16522
23250
28632
30265
10748
17379
27667
740
29443
27729
22302
12212
2114
17517
20043
31871
14952
5179
20357
6274
10708
20695
8608
17184
30320
518
24678
749
3233
21919
17565
21737
30256
28369
27939
18629
30846
22244
3304
29316
6775
16798
5452
4987
14418
26493
5574
11194
31926
20652
2099
24429
26186
25778
6183
21491
8736
31379
20496
5348
3957
18785
23593
17868
15501
19392
13693
18742
624
29589
15289
28681
2717
15084
1378
8918
30297
21376
31294
25042
1450
15809
23628
17564
9605
22107
17572
13476
31992
24511
9385
30427
22787
6758
353
8972
1218
15712
31808
4716
5964
9467
14567
29919
21305
16632
30764
17310
26534
11054
26957
10651
31300
11594
11963
23067
4889
31396
8860
28496
24280
13701
27825
1281
21071
31930
5471
30020
31580
17409
27126
2954
2346
25042
7273
27758
32733
26983
12322
26431
11039
12942
8282
13978
15864
12226
8232
30234
7928
14646
234
3140
28510
4606
30689
14649
20451
18507
5775
30387
17624
13096
30602
7106
28677
25199
24223
11316
20940
6783
6039
18334
10457
29953
8452
27144
14801
1469
11861
26804
31635
24124
26042
12887
17911
13285
20656
512
13587
6779
12983
10268
2037
26436
6124
2530
5642
17497
13598
10151
6821
30359
447
3952
6326
31180
15474
21270
7799
27089
19418
11176
28531
6771
11528
3776
11
29761
7470
2762
27139
12550
28468
7616
10590
24446
26255
2907
29351
17358
21871
27735
19889
9869
8798
13388
9213
32321
31300
3229
5472
17413
10593
30554
6129
2662
9077
5801
17573
17014
13072
16200
28200
22393
2857
5282
31440
27157
11349
1633
25574
27475
5260
13782
31544
5657
6485
30867
13061
23905
12433
2133
9225
339
12210
30812
24863
25029
29197
5007
646
29146
26483
22359
23365
26082
30846
24962
2483
3140
21958
32343
6752
19710
5710
12148
32766
9138
6733
2232
27765
23825
2094
9292
2732
31763
13005
24237
25221
15532
9915
19254
16575
26590
8527
15308
20315
6298
28472
26638
17126
13472
2085
13452
28630
25123
16599
11153
19146
12711
8752
31132
17148
22399
8177
3470
30694
17591
30848
25836
2995
18438
15858
4051
32173
29525
8706
1715
8899
30798
6764
113
27276
26934
6630
2273
31606
20736
285
7127
22798
29004
28495
3569
9605
11067
3209
20391
17273
19965
31157
23878
22838
996
18934
15877
28174
6914
26194
24446
2019
24491
31747
30211
3619
10743
18398
4020
15965
18317
649
23073
30350
22291
23116
13846
12299
11123
31938
10192
14794
32372
4838
9831
6672
26060
9591
12691
32471
10635
7627
14539
17756
11728
17769
16716
12818
31920
28083
26332
22203
1142
2595
13076
21310
8171
14177
25664
13411
29519
3154
28421
3957
27206
17751
14129
28429
24535
8297
31222
19129
2663
6856
31999
28458
30089
27230
31216
30106
6037
21891
410
29049
23373
6705
5894
21451
17790
19910
4825
12115
15187
12070
7345
21755
16422
16249
30308
7054
17130
29589
4286
25513
18770
27300
791
3534
22883
24888
21321
27450
30029
14282
7318
6073
8138
18712
21018
15973
7070
20488
4653
10047
6099
1047
4832
9703
7178
2206
6146
15906
5370
13244
23461
12665
10779
2575
31978
9216
25616
19712
24538
30802
6
14706
19272
12219
7130
7372
6401
24779
11955
32399
2695
4517
11390
14523
31207
19680
24747
14696
19105
13414
23078
11520
8839
23086
20888
4288
24048
8616
31486
7653
28130
5505
32252
27665
24427
15478
9114
779
3156
18439
12746
5593
18333
13334
31296
7930
14481
10668
7278
11721
26884
22760
7203
5451
30028
28676
5620
4357
5381
30777
368
9435
20730
29316
24980
22141
25398
16824
28069
20733
10767
30835
24309
16260
6986
12097
12238
10663
1763
21848
10599
12099
24094
29516
29724
3337
3681
31265
4564
22515
20967
31281
23750
24333
2473
24169
26496
14737
3399
30876
1087
17629
16134
30069
8930
6376
6146
4264
15240
15887
5238
11170
15599
8955
12075
4699
12089
22181
2483
7
13098
1186
4448
4482
77
18093
24181
19639
14224
10467
21160
19944
12982
9173
30362
25176
9675
19679
9804
19759
30717
20195
32104
14520
28294
26570
16320
12893
3726
32643
21623
27186
2904
10239
11299
4296
8549
15870
4200
25177
15736
2849
31432
22945
25953
2242
26649
6375
4937
21622
17381
29524
21726
23125
6087
1073
3345
24501
22505
15174
8228
3711
11605
27430
11128
7871
9842
8223
26865
22043
13137
15863
32226
5081
13436
25906
31641
18213
18704
16563
31957
32037
29881
27500
29505
11389
9523
6641
8862
32693
16262
18566
10245
18627
25899
13302
22245
8070
28374
590
1292
16359
26712
7992
8607
13474
32660
28465
11205
17754
5671
5326
22472
4003
5083
20081
12961
26462
13348
26460
25441
31214
24814
32522
11496
1322
13316
16034
906
20081
25137
7864
24720
27892
4541
21856
6072
7561
23881
25236
10298
23240
22796
23831
5995
11596
29338
2038
6829
17413
26745
6195
18146
30589
7564
2446
185
28228
25995
17433
5194
23163
25546
17408
2263
19744
5676
11430
7901
22651
21537
26867
25997
6437
31343
28619
23545
14610
3954
11403
3585
26921
22769
13637
23272
22915
13437
11973
29597
31736
23755
3857
13206
3258
25990
9516
15970
7242
28099
24240
30694
12009
10038
31655
30343
21729
18094
17153
6221
15393
6659
31377
2323
5568
13581
20178
16003
355
24444
17030
10579
31706
2026
24650
26021
13739
3328
7719
7030
1785
22072
7652
29752
24182
9979
31384
4834
27739
19796
19778
9283
5774
20813
29444
32050
19466
15457
30916
16559
8932
28535
12286
20663
12497
26496
25801
4034
18085
16791
1187
25352
32410
17422
12201
1372
17080
3683
11589
12320
16358
31754
29581
3880
26297
7455
921
12641
29330
10698
4738
16085
32105
5709
25652
13175
5616
1339
2657
28557
9463
3592
9067
12693
30206
24178
7283
9721
12234
26490
6716
13548
13239
24397
11513
253
14531
28292
6089
13457
12909
4844
29993
15025
22771
25649
12108
311
13746
26361
19796
26503
10461
10891
32200
7579
31553
13113
11598
10916
21562
16667
20238
16557
17125
8740
20918
8884
15041
15141
11113
27632
3552
25722
5892
7341
29936
18125
22
19970
26287
27494
7309
3102
21597
5801
4211
24960
31035
9101
24959
14855
32501
12088
15760
11290
9192
25820
7607
18158
12593
1100
5419
12512
29330
27133
23117
28191
8349
24824
10114
2109
29037
18026
4303
6029
20818
27838
28528
26808
25558
14838
28697
25274
27079
30119
17357
28227
10186
18700
25966
4557
6431
14539
21012
26028
30634
15836
26827
17757
12848
28010
19294
19408
17694
8924
181
25539
30869
1772
11714
23564
4405
23612
7464
21004
10426
21766
18413
8388
29041
17927
25339
22847
1703
11049
14662
4958
28670
10206
21237
13191
5018
16877
20805
9062
26340
19568
11359
11932
6173
21692
29126
21719
18175
6111
10093
21752
6928
12671
13467
3429
5277
19179
22952
11992
30585
23427
20054
32511
1282
18692
32278
3718
9013
10825
30992
24029
32750
75
23273
32257
32258
10772
26208
6809
27203
17588
27009
20056
11253
16412
25562
3372
6781
8187
16129
8565
25667
8443
7177
22007
3723
871
12683
31911
5603
29377
31416
2232
16002
3475
17594
16497
30178
10267
3698
12010
29370
19588
15450
32341
30311
21211
647
30638
27232
25135
3197
31829
25385
3056
30599
4204
21656
7561
28829
4975
27914
24578
24017
3663
32317
25169
982
9232
2535
15561
14277
27425
9995
2288
5331
22045
28556
26383
2369
19475
8760
9831
2838
16483
8406
12969
16455
5810
12795
31782
18354
1852
28061
31728
2422
26126
28532
24437
10476
3302
8059
30958
16526
11483
5433
22209
13388
23876
2563
23954
32729
2507
32203
19484
3764
23648
8703
22565
6312
1814
6899
25741
14436
11484
10072
24348
886
11482
23868
5289
28198
25981
7918
22103
22960
8081
3357
12731
7352
7247
13262
32420
30170
24413
24206
15235
31395
23622
192
11242
23604
32397
31188
21594
12278
28206
10062
23552
3024
16570
21877
32369
25947
18257
5887
31641
11767
17832
19502
21257
3565
9422
27530
32528
32341
26270
19830
4021
18717
15037
28330
11815
16734
9149
29356
8873
29748
21930
26607
26162
17140
6956
16458
12929
25105
3154
6025
14122
14998
28505
11218
30838
21330
3450
5071
28713
30256
23239
4544
32109
32395
26500
7330
16913
10827
6483
16843
29633
31934
7236
9536
21562
10465
14406
28040
24275
6914
26777
1174
9440
10622
26626
7449
12982
2535
28104
3404
21613
14234
8387
4320
26041
24980
15187
26535
1400
23266
17493
2655
15621
16282
22734
16293
2252
13667
7770
3475
23190
6602
30970
16127
2290
14789
25231
15751
4540
31408
28884
11648
15046
2280
13628
17868
17791
10259
19332
2519
19111
7684
25969
21283
11848
4842
6915
30059
32165
17955
27070
17321
29279
23293
173
29829
21613
27030
774
31472
22640
2285
13234
23184
24920
30164
22472
348
12896
24763
12424
4607
10870
3543
5631
10423
26418
31128
10952
22329
4770
311
20241
1587
22205
20242
8251
25799
28921
411
10885
776
30430
20645
29677
7073
26491
26508
16346
16754
663
8352
21401
25292
4707
8437
28974
27319
1365
12306
12828
25682
29883
4264
30539
31679
17575
26399
21291
6424
12726
388
19655
10501
7697
31168
18144
7244
20002
6164
32103
18205
28444
17880
19186
3822
18748
27701
6047
30152
26438
1011
25863
8907
21476
5407
23717
23455
2993
984
14292
10249
31157
32372
15229
8764
4272
6309
1897
8869
11382
19745
6826
28954
13839
31985
29743
30762
2879
7869
23793
28097
1380
28892
24231
2263
27424
17456
226
24380
31546
12873
19479
26551
6962
19829
7153
29497
14571
12973
7202
13373
12993
22445
5327
22030
16207
10087
21172
20773
3650
16012
31023
30306
3765
21189
14894
11306
23166
15429
27442
20701
16048
7926
25431
11905
21802
1315
17042
7539
28332
17170
20211
10014
11227
14960
29618
16779
5461
32244
921
5560
21995
6254
5456
19439
19469
14802
17978
2541
3159
26914
32310
31977
21692
166
2102
18305
29676
27055
19732
24208
15947
30005
17069
13093
31381
12850
20388
30488
31891
29611
21296
12266
27378
31930
6619
22495
5463
6563
17177
25681
12360
8544
11487
1473
19710
3614
9484
26266
25004
9469
21152
26277
26005
30857
27742
13344
20794
10157
21736
31015
26629
1765
14037
9467
6189
20799
30800
10408
7248
1392
11187
23192
11631
24862
7461
11367
32378
9648
10506
3094
29129
16422
26919
25617
20692
10522
23147
10302
25110
29745
31156
15830
30167
11117
5058
5666
3251
22317
24086
5910
22274
21716
26609
1930
6952
5767
822
30374
29215
11480
22303
8591
10003
17869
13015
27019
5713
19315
24789
5933
15491
4462
25861
14613
12861
3314
9567
9745
23893
8208
29187
22031
19048
21009
24479
18123
1905
7307
16021
1963
4142
11278
25592
22612
19918
16785
18997
21801
25261
25315
29201
13806
26909
30085
28123
5742
1239
24976
6189
23820
12019
32044
15640
15618
347
23678
15150
14981
11527
19953
12713
9430
32694
21805
5233
5039
18184
8078
12205
643
18617
8342
11071
25610
15664
25103
12274
1316
5114
16758
15875
5814
30014
26254
3266
15268
21908
3541
17605
7620
1408
32269
23292
5938
21691
6242
10893
21767
651
10545
6029
17462
12138
813
18030
25096
14408
695
15039
7237
5448
17100
19628
30085
31464
10442
32129
23265
24863
21149
28655
26421
7109
13650
25293
17996
11525
16991
31590
25261
12760
14439
1981
4062
5414
201
28264
13129
6313
16210
13670
23658
8940
3474
15599
20066
26143
24648
27801
14553
8582
20354
10694
9705
8600
31553
11368
23928
2767
11096
7032
23772
21532
13095
25316
16499
14293
5850
6533
11469
15847
21122
12141
29438
8246
8276
4286
28001
8125
14127
29795
30460
2655
10491
25106
11939
15461
18115
9706
17695
19969
31720
18857
10075
16350
16166
23758
10525
13311
15128
4132
27933
21673
16176
2110
18225
970
29902
22556
28288
7745
19127
13843
6422
27550
489
32382
32197
24541
6807
10433
32279
30314
24677
24126
11039
16533
5280
15754
24814
12879
31248
31561
27688
23600
13646
13330
22881
1660
32155
2054
25075
4433
23103
23828
25829
28851
11003
8635
27094
20704
20497
29208
28445
4049
14140
1959
17091
12045
25089
30472
3649
17072
30411
2292
23668
11539
31081
4180
21135
2307
23661
24630
1391
10649
7918
19775
13829
16552
4993
5286
6093
21485
4020
2947
19821
13800
9566
7944
325
25399
26561
18052
29036
2156
4512
15652
10203
3847
31730
23119
10828
5845
29188
23897
7134
16233
328
7631
28981
17972
7512
24187
21612
23461
3256
1070
1523
3406
19047
20169
16411
5516
31331
9401
6361
23378
27289
29569
3919
29756
31562
316
25973
17149
24237
28874
19355
8935
31582
1604
19621
15974
20408
26094
28990
26597
8494
17001
23541
2909
27979
10093
7434
12435
22440
31705
182
24570
22657
14489
19753
10025
29310
19294
14409
5279
14309
7934
8003
32649
4223
17103
977
18504
20061
12087
11004
12456
15129
27192
4559
5028
14985
3180
7799
28004
17274
14320
13285
32184
15324
21229
10815
27089
2914
11912
5835
22771
7864
1765
26830
23517
31902
24217
14037
32725
3741
18108
8107
10909
10342
31999
9465
14875
10661
7941
31779
12751
3432
3421
18501
18861
32141
3007
8567
20976
25909
10010
6279
9802
18973
5165
30265
26860
18332
16992
17668
6514
20540
26029
5796
16178
1055
11910
31443
22400
28690
11513
15132
9502
9726
22143
16587
20182
17342
3901
14153
28424
21997
28013
26552
32594
16012
241
32750
2355
5273
17712
7887
14698
21237
22530
13898
26358
18887
4962
1778
27289
1690
19870
27653
23031
30854
11926
16176
7073
5282
1153
8660
18932
17588
26991
6681
24764
32737
18460
21167
23139
9258
23980
2825
3960
10154
28058
32025
16253
29297
31696
631
7057
21510
1777
17511
25724
6332
20621
23284
23440
14487
18275
26751
10239
22233
31494
2981
779
2811
12711
12460
22276
2053
3147
2212
13118
29836
5630
14883
11092
30021
29818
24346
14715
2319
30589
7384
3304
31910
30531
16143
20026
13970
12795
21302
2112
24838
22102
3906
3249
15511
17656
8305
14201
24041
8645
31946
5880
6622
16951
23355
32596
3254
24471
17621
16941
32566
16769
7702
28884
1269
21233
27080
17592
20937
25650
8051
10979
14077
26399
31152
26175
14969
10886
32126
15169
27982
6073
31570
29287
9979
32716
3051
6515
2983
15363
16154
1067
31338
3503
19671
3069
18149
12886
31467
6600
29918
3735
8164
16031
13124
30426
20913
14010
4739
12983
28953
4234
2514
23065
30362
25856
7961
31092
31094
13787
30783
1518
19078
8486
4903
21886
4166
30532
21980
29212
13594
32152
6151
20190
19557
6867
2969
18530
11209
21170
28744
2609
5445
15825
7062
28953
30456
3642
19730
5624
19519
13317
4105
27193
19910
25181
32683
13301
22963
1580
15084
30017
20300
6740
11908
11499
28385
18428
25845
11038
15247
24048
19487
1022
19132
32227
17327
16192
4524
1674
852
16347
19847
32481
19820
23850
26769
5074
24510
32273
19808
27158
3501
9198
20032
23999
2372
5430
23987
21020
8012
21581
30909
19695
10429
6398
21126
19266
3068
17276
27538
29110
15861
31664
12008
30095
22893
30920
32224
24691
15354
12092
860
23516
20435
9654
6904
29633
29044
29726
30136
24085
12609
18761
32244
21987
13147
21052
17785
3327
29466
4624
22128
4632
2601
14890
29181
12473
24349
23812
17122
12002
21023
32257
31570
19612
8766
23655
10462
9530
1857
27851
14142
10976
17932
15398
22794
7931
31293
26956
27389
17674
31727
22008
18990
6020
13015
31116
337
23178
22289
20433
21180
15623
26762
2823
7287
724
27973
31567
19345
17159
14972
21598
13352
5745
31004
9209
5659
1053
12512
15691
23737
25644
26139
498
15718
26428
29199
18769
8800
8368
6366
18144
13154
27284
18444
15116
2940
17759
16142
9079
29594
21123
17884
6476
14776
3469
3797
31647
12937
9665
569
18371
13327
27704
19992
17870
7662
31305
15092
17272
28668
21772
29422
14459
17555
3088
12027
17390
9202
26567
1336
4215
6272
12506
4181
745
16910
764
17434
6306
145
26401
5672
14652
5674
19687
28678
2392
266
14545
31492
16891
12293
6358
20369
16666
12127
23237
29341
21446
30459
5222
26740
17637
24464
4385
27290
15528
20257
13547
6313
24277
21962
31325
1959
18064
21862
3858
11273
15878
18560
14571
23056
1116
16599
9970
26025
25225
7737
8456
13653
15088
14083
13805
25972
25368
28926
21281
27881
30438
29368
28160
9395
2832
13818
2824
12415
22986
8271
10638
2079
29653
149
28456
14183
8450
5332
26989
19104
692
6208
5943
12432
12990
23973
18881
25426
16710
23453
25441
12392
25490
1113
26115
10682
12677
7062
13083
131
3157
31642
14009
27506
12233
26142
10657
2626
22254
285
32091
12755
6858
26658
31586
10928
2587
22046
13604
26158
28650
21396
6189
26044
14971
8784
27665
1060
32599
28966
26872
13380
304
935
15909
31347
24026
20122
12622
1412
13098
32699
27474
15200
21796
18497
8875
21116
14424
31783
7295
32477
15516
15761
29832
20315
30702
28085
15194
5995
10726
10655
17567
1577
18359
24008
7240
10209
555
16141
20072
25926
32570
985
7088
25667
13972
3369
31936
28380
12557
21255
18719
1514
4286
7675
27468
30718
226
8252
13787
18476
1252
25092
29886
7555
13840
1114
16437
16541
22653
803
19108
12186
23814
24292
16240
3113
27377
32186
16716
17869
15052
13831
22561
1320
30646
8229
23548
30608
22896
15058
10508
5852
19018
18994
27281
31975
15012
32105
30512
19141
22917
1205
289
19831
19569
8723
946
17253
17246
2552
23079
21563
9271
26195
12921
17422
7509
16302
30393
10870
25418
25126
20140
32036
16622
32340
24394
28050
11823
9447
10206
20771
15523
9819
23746
1247
14380
7037
10449
29075
1801
28222
24264
15297
30360
10523
28738
10981
8195
4841
26326
28405
315
3240
18632
5481
6082
20298
26835
31414
16153
18948
1032
8656
1919
22669
17138
27340
11990
27008
11898
13356
4866
2288
1780
16079
8868
4111
28192
23156
6171
10932
7200
8639
25024
23598
4908
3621
18488
31595
461
32435
17199
19619
6660
20901
29932
5378
20779
31611
30985
2970
18856
1508
10704
28533
21914
27208
4417
26500
31317
2436
31621
13140
258
5882
29952
28410
17094
23026
1955
12430
13727
23758
12418
32562
16820
6017
19783
26345
5156
31725
3115
24982
26030
8205
17297
11135
5441
10749
1779
18794
10483
21974
30082
7405
12115
26921
762
30123
29301
23343
24575
25243
18501
16686
5510
6071
22705
15793
9488
31967
13220
10893
4839
21235
3837
13530
1638
10240
7948
6981
9776
24671
4914
1343
18619
26743
10150
18603
12708
4674
6158
21894
20792
9497
11754
6089
30928
32411
28922
9337
3471
32562
15566
25960
4417
16985
29679
6008
17177
11030
19117
26402
19475
30446
3758
22766
28434
26324
13162
12603
29763
3796
2234
18082
4358
31688
17808
9084
26391
4555
2315
22436
29744
17120
16263
19830
16147
20722
10401
4916
30810
13254
21136
19006
6811
14977
29523
21597
1742
16120
20480
22508
19560
19810
15200
10031
25367
14796
30370
28774
11032
11975
14262
15312
11501
2235
12354
6906
28786
12176
17595
14464
11584
26343
5911
23835
14887
2200
12462
1384
21673
30108
17420
14568
21217
29102
31566
17855
21895
338
4229
14589
19027
28583
29891
19377
12022
18796
19967
6205
6598
11769
29226
6834
3421
20164
20296
2075
1872
8982
10889
57
6836
31750
27818
19010
7124
356
14947
15506
20456
9538
14951
3806
22782
22245
5133
689
16627
12847
25857
18078
14410
6441
6499
3728
8306
7570
1945
27405
28336
31346
22299
14842
19952
28521
23624
32748
7980
7898
8652
29894
18751
17834
30950
25455
27595
14441
26475
21253
3264
20786
1896
30970
32231
22413
24513
23376
24473
28011
9345
2429
31370
3712
23520
13453
13241
19277
7016
10346
21099
21406
7525
32179
6741
16129
27716
25913
22836
25022
28802
15619
21103
23250
31200
28786
20286
25820
21877
32267
19568
26824
1915
15072
19498
18840
21191
27477
19100
20034
8152
12703
8549
19701
4609
26184
31912
18657
14804
14150
512
12208
23883
529
31754
32470
16768
9319
25305
18554
19588
17608
17132
1612
13689
12810
14461
21277
28605
578
10959
17367
303
19873
17741
14658
9850
30761
16605
10439
4469
10065
31259
29612
28729
3400
27839
4948
31084
30074
5426
14579
18441
9353
30624
11503
25698
25639
16967
6433
11183
20990
31655
17410
29389
29960
277
25376
27628
10833
15624
27880
18824
31406
27293
24435
5084
20207
27230
26683
7584
25194
5140
22473
7318
26758
22055
31754
22747
4507
4903
28271
13425
12335
2656
21969
15802
12677
4982
1729
2517
5285
15058
10320
22994
12800
7780
16316
13660
2158
9485
28772
27051
12245
28634
1972
31857
17158
9304
24734
7854
18265
15360
18560
9355
1110
6438
28986
22427
9832
120
3927
27474
31032
8537
14999
27245
22703
12881
22303
23476
834
27284
1911
7787
3855
22886
5649
100
16577
17138
15238
26172
22799
2722
3759
17154
16032
15236
32187
27302
10998
10578
28840
27249
22774
20328
12510
4189
29627
8588
12231
17428
31751
84
15285
670
23
17772
13331
389
22091
2470
8699
20057
27921
12797
21337
10847
21938
29706
8862
24311
31595
6459
4341
15270
9916
10210
22877
10179
350
2791
23973
24114
7667
392
2050
13118
28498
8652
22108
5481
23476
1199
21593
32494
29169
26353
11362
27083
2562
170
11054
19589
3215
23556
706
8471
30
27784
9134
20127
2191
1078
31221
4363
17461
17961
25545
12231
7488
22013
1992
26752
993
11929
14879
30730
7374
7934
21026
18255
11738
22048
14610
21353
24978
23605
30882
11671
6775
14907
271
19534
32014
17599
19617
9048
21358
29797
5085
32323
24753
26048
4064
21349
25532
26901
301
7234
31886
29260
539
10377
4723
7774
16509
32763
28635
8204
29917
7302
1370
15560
21860
32516
21439
30660
2085
8985
14928
16437
17394
11051
31140
18508
9515
8403
13866
1466
14232
4934
5919
25265
16402
16081
992
18381
20884
9097
25113
8597
7994
23373
22889
19781
14364
5573
1447
31914
14922
9939
28764
2759
11117
15504
26556
30758
10266
429
27749
22117
23575
12607
26139
32348
24185
5613
32465
26306
4929
18946
13746
7146
32002
4779
7767
2581
678
3183
16184
23636
23250
7021
13485
24246
20549
16616
1895
9542
20086
25215
19170
8174
30768
4907
28294
16224
22486
16316
18105
2710
14825
28972
14068
18187
28457
19077
28349
24840
28697
24234
451
23697
26948
25295
16154
31026
15593
8598
29957
5531
7083
28278
5110
16755
23460
24816
2562
21524
27788
27043
15114
10355
7505
30124
23147
26785
24458
820
4323
14376
10394
4264
5216
23431
498
5100
21152
17647
25625
18692
24749
31394
26807
12530
3603
24321
30694
3965
27720
24683
22987
10239
21759
28214
29919
24206
15850
3941
10411
31243
21417
22845
22974
23109
12320
11062
24378
18390
24469
4785
9530
21877
31192
26851
5694
16206
32557
19158
21323
21649
18949
4765
14796
12603
10894
19768
27305
31944
22960
12840
20824
18081
21531
24608
4602
21874
20333
22982
18906
21036
24554
31411
22370
17561
28905
1213
28905
21852
13779
29360
32571
7517
4604
28808
11857
27331
26648
5949
25759
23015
20842
2313
27967
8575
30151
10184
17077
29224
9255
25394
20581
19838
9866
23255
11974
25255
3102
15555
21079
1519
1642
21222
24383
2478
108
25159
16379
14084
6458
7530
17724
30957
2526
19743
16871
28387
14188
22980
11444
9387
5488
9378
11243
17120
12122
28630
21985
24256
7475
9734
27123
16593
12258
18124
10417
10423
14759
8491
21402
29750
15374
30950
28691
23526
13997
1467
29043
21067
16598
27040
30092
4486
29389
31909
18744
226
14113
22660
24581
2316
15483
20324
2007
5945
11304
8311
1837
9171
15065
14796
13919
17246
22696
16339
3694
24694
2257
7943
1450
6544
20136
7391
10602
22144
9261
1000
24445
23771
15813
14235
15659
28401
16943
2695
9337
1391
23952
17550
31093
28289
20359
9560
909
7604
9511
28861
28063
25918
30562
26494
20939
6295
6574
5875
32236
21501
27499
7154
31059
23723
10684
20168
7772
8038
17322
14610
6509
28876
16
1144
22969
16856
18135
11630
18947
28339
30864
10847
32533
26920
16291
9923
31847
19123
5296
30443
30150
14182
3456
18252
15919
17126
19465
2918
3655
614
6597
18197
32556
20998
14642
26576
20756
8267
21568
19929
32673
14636
8109
29492
17974
27300
30646
4928
31800
14480
32736
11307
3240
8434
6892
26634
2771
21550
24350
10757
2734
4473
22228
26981
11500
2231
12026
11076
2530
28530
14459
30029
3637
12201
20772
14422
15711
24434
30409
20516
22589
5735
7500
27198
10394
17905
17120
25633
27318
13719
12304
16420
2692
11877
4958
12342
25514
4009
10390
774
10402
3475
32629
32514
15518
6580
30779
14381
9040
28971
21530
17846
7045
13639
14130
23891
20632
19882
10356
12494
3630
16604
18964
23191
7465
15388
4974
16217
24268
15157
11277
20649
30470
31464
23345
24706
12460
9217
13740
32514
4147
593
1584
20420
10557
8335
11456
14518
387
4554
30685
22900
2930
23089
23507
16274
5239
6363
12042
6452
15002
127
5001
1605
10218
22646
2516
8700
27014
32103
11490
3374
22515
30075
18244
16254
28958
26640
23176
6859
26297
2690
14654
32115
31119
24415
9647
7810
28244
16936
22753
24246
18526
4853
13537
20729
30127
567
28162
12601
31542
32418
16103
6582
20408
24432
5785
3471
18246
21754
16566
15345
21630
26975
167
14070
3632
32125
29930
1048
28589
10270
9507
18850
12425
939
6512
9875
29847
24701
20330
28511
29204
21002
8669
13435
11966
19128
21414
11106
13883
26180
9155
29056
2922
31916
4498
25660
13980
27884
28756
6749
15714
28291
10271
30243
20977
10633
31709
22005
29868
11018
21710
13051
2274
31150
19413
25959
13718
15495
16816
12158
22067
29804
29452
24024
12222
27571
10139
14003
4112
23069
26584
4504
23945
21087
6622
1770
4559
398
8452
29852
19588
13733
32695
2233
32712
9476
914
29602
13776
14412
15057
30765
5387
22000
26136
32395
17709
15858
18414
18817
21377
28759
4450
10413
31028
28302
7340
3708
846
1071
13581
13653
5937
27791
17011
16530
30383
25647
9333
27240
8800
9344
15780
11338
12284
2270
23648
20310
7205
23408
6581
15104
2793
7953
17120
891
19365
2564
4214
17185
26800
2659
15436
26968
17045
11133
11959
8254
9441
15374
12631
9689
5452
10623
1178
8751
28920
18498
26687
193
25787
18529
3760
17190
22008
28606
23236
25488
32716
14214
6653
17507
6748
2585
16238
2133
24732
26310
18852
23499
23871
17748
19165
19315
29128
5787
16757
24896
31870
32563
32669
10451
1694
25363
22857
32518
8581
14542
17725
18950
8873
18477
26408
15786
11577
11173
5787
24670
27241
21066
25231
27295
11751
9018
12421
20546
3529
7485
3760
7201
25518
27054
12764
12159
8013
16395
20578
18867
3681
27157
8341
7368
20998
18254
29327
22669
1868
1933
25585
24144
22125
18230
6369
4996
8670
21720
25265
23183
25123
24242
12766
22081
25631
12931
20413
21899
9085
567
6206
24813
15265
32424
27259
12923
18869
16933
30452
15586
5569
1153
19213
17980
25934
9286
26276
1602
15654
15978
12818
28192
16384
6087
32724
28630
5832
25134
7082
5024
20641
20649
8550
10816
32409
12746
23471
11644
25187
12907
8106
2924
7397
24164
11207
5985
507
24940
22828
30336
30657
21429
17771
23877
30404
11461
29635
704
32645
10796
30265
26929
6309
12422
11675
26177
11955
3580
18194
29690
18415
12759
32443
5266
18825
22176
29560
3572
23781
9521
30223
23673
2827
5751
31608
3853
15927
21596
7059
13696
6990
5723
18398
23033
8536
15411
29514
29126
28076
11611
13716
26620
26016
14349
30895
11894
26884
2035
29568
5723
2578
18114
21779
6901
26318
1448
9507
28759
4579
29760
18622
21417
11548
8018
31952
6968
14331
29429
25613
11167
23244
9904
5414
25385
272
13762
5042
12624
7041
23147
2686
21716
14692
14548
1819
16924
19367
18537
9133
782
27252
20792
23631
7381
13876
12067
9795
9363
3418
19259
22997
24669
2833
28350
6478
8856
5086
20413
1061
21376
18516
20051
958
7419
25132
395
1103
26346
611
26318
17329
5237
27097
30273
10210
5253
22766
11944
11076
31487
26131
32265
10322
17855
17915
24656
13182
26181
18100
31753
2395
31537
21954
32545
25206
168
3327
23926
26273
16768
9144
2595
4485
25056
24987
11360
26281
14344
18341
29274
11636
2789
20362
20016
19052
13978
17793
25759
10447
22253
9944
28439
4394
28027
8172
2343
29102
17453
32200
17545
31124
2570
5038
22594
22320
12694
21897
425
11702
29365
1584
21052
18402
25427
3816
27776
3471
19314
31762
19273
28638
21504
20826
30700
10549
24854
12857
9110
27710
20237
5935
5670
16763
28732
23069
29131
13499
6703
1386
2236
11718
22342
234
10778
11085
7364
12586
22727
22612
6841
12413
6237
30712
31234
8468
11517
8481
15028
15494
5421
26211
18998
26453
1458
4122
14850
31431
24324
19786
28214
29796
12323
26445
28521
10602
28094
31529
19544
9707
10117
21324
19592
25340
3605
18478
22893
18176
11442
6777
28829
13616
7509
21864
8032
30312
32074
672
10126
9575
17401
17466
31485
24898
30483
12475
4338
16023
22298
31275
27180
20634
3412
22712
9191
28416
28791
14686
3979
12140
7168
1565
11207
19440
10316
2416
9693
19065
26616
28866
17983
7125
22694
11660
27875
26467
31597
25188
5635
3777
30686
4538
7977
19347
7735
27763
29031
8250
4099
20356
25388
30319
27424
16183
10449
31743
22517
2026
20560
31679
25466
4871
17230
28371
14660
20409
24481
13381
11732
24181
4175
13677
31995
16120
11095
24401
24867
18918
20516
12315
22551
21204
6349
10382
25453
9881
23481
26159
1587
18327
4452
7926
16831
2877
7741
25286
2914
19118
6719
24335
21691
27132
29674
32646
29789
26374
4629
6716
27474
26919
22976
30022
6701
27457
389
27682
16989
3273
15858
13888
19010
13554
259
27698
10984
13708
8889
30246
21562
24512
2758
31199
10309
728
27462
7995
15862
23430
13528
17912
19103
1287
20699
6559
29786
3446
11664
12227
31052
17098
18853
21436
9606
7290
2928
639
29827
10398
14434
31702
12716
26529
27066
5644
3703
20988
6518
28549
26031
2165
31549
12886
29736
2778
24256
7875
10215
30323
23200
4957
29629
29823
10764
6809
24670
26924
28064
28327
5027
1255
10770
11919
31817
21700
20479
22809
9404
5691
10146
470
1956
28307
4925
26347
2975
24147
11092
3961
9925
9667
12133
4654
3405
23519
24757
26085
26035
1547
23996
31652
4814
14401
29351
6991
2869
2107
20411
17455
18789
19333
7833
19705
12260
6584
19542
23514
4316
17205
22833
31949
19064
17117
31178
23632
9008
11388
9682
32190
27443
13210
8013
12953
18763
13638
23636
24409
16551
3191
26767
11630
901
23465
25459
28419
2062
11947
12074
29719
26567
26079
26692
17427
11358
22636
22322
10827
31280
1687
17483
582
12488
9587
21141
30074
18785
12856
21091
8098
25565
20898
28739
22195
3271
32462
28058
15263
9996
28981
13733
21132
29267
14615
4166
2727
10371
31554
23273
27283
1324
6729
18185
2256
18663
24984
12916
22019
19077
8282
8001
21036
27786
1933
3926
15071
19947
27381
8755
24848
3187
12631
8721
32638
32411
5571
30714
27653
26455
15406
22875
32323
7158
1957
31632
6692
14678
23740
21676
11907
9846
31377
18143
12215
30660
1498
2463
10909
22235
12581
13588
23026
17887
30096
15037
24088
26571
30124
20589
27203
29461
8593
7560
17468
14100
28584
818
16221
11192
24462
22761
25353
4132
7092
32170
1784
16853
13869
23441
23541
30496
609
19303
16717
20487
11504
30012
14776
29298
2704
17617
6732
25986
8568
12858
28147
17333
8053
20939
5862
13212
6459
32007
32066
29918
24697
30100
1780
21152
14313
18623
13223
29930
1746
63
16670
24838
16604
24579
1163
6567
31566
32716
29091
12838
9684
295
32412
18280
30805
455
14954
11070
5539
11442
5117
25803
31418
6759
7163
14315
29877
32073
15829
13179
17535
3197
8891
7200
21925
1038
13892
8208
9409
15151
5015
23531
28429
27045
14364
1482
20734
25239
18097
23546
7406
32540
3634
21531
2688
27791
26247
19301
16326
9054
24381
7375
20822
10918
13302
13262
19897
7657
11507
11521
12952
23016
8182
16702
22652
18424
14411
21130
7783
23518
26638
31000
30706
9113
22605
9645
21817
2111
10480
8557
11911
9952
14150
21072
24690
23646
7479
21476
23772
17615
28323
10762
24487
30204
11407
28650
8579
1563
3495
11223
2778
11278
9585
17251
20216
21187
6386
3795
10879
18536
32487
25715
28295
8417
6859
32767
31551
26890
29617
30022
15355
30819
11740
13787
23639
27504
323
26755
23172
17968
27321
14920
1813
11016
4749
20021
8488
31485
25485
25543
862
23708
21631
17918
29893
4872
16092
32393
13492
3492
22267
9873
6774
13678
31761
19604
26145
17657
24504
14605
3399
13308
31575
18308
18911
9990
24670
32231
28604
14078
11839
16037
9588
7863
4716
29220
13365
10112
12218
4880
9910
30854
8152
24849
18793
593
16129
27344
11139
10503
21453
20802
18933
16047
29296
30915
1306
30095
17871
20011
31869
4939
26226
1431
17772
4831
12428
8796
3510
21759
19492
16375
13492
15147
21557
14713
17391
20362
20943
4218
7631
13308
12344
24415
5591
17731
13247
32570
3242
644
24021
21194
3484
20914
15830
2665
26294
25867
20756
27539
29854
16851
16294
30578
1333
10489
16300
6033
26704
26066
32125
20269
805
28731
10391
7044
20774
21588
4808
12595
26829
554
7900
3635
7379
22952
27817
26769
24521
9932
8502
32100
19869
23906
19434
10183
3028
16379
28170
11757
16723
26227
3699
19406
26587
29270
10491
22563
29593
4608
15495
20741
23655
6732
30109
19658
30729
19959
2785
19479
25707
9634
16041
14043
4645
19459
13923
4695
9144
25216
31060
22244
2566
6890
17905
6259
8256
12473
9539
10860
26597
13989
21965
23648
18456
8804
32476
7573
2233
18141
6994
15238
278
17849
16528
31892
13547
16440
3917
19697
26227
17146
24715
30562
8948
9078
18342
11331
31615
18776
18812
3256
16135
8851
11366
22019
6917
6325
23901
3787
11276
15401
24511
7856
20658
27044
14987
16995
4202
27210
287
2123
21670
12271
17739
25851
16478
21653
25896
6084
4487
23290
12272
26000
30209
23300
32070
9987
21188
4677
20385
25455
6414
1939
15965
26618
32378
31122
25514
27811
14596
17274
31430
20845
28925
15968
23228
23630
26473
338
21255
24585
17442
2632
5205
23125
26686
23788
23126
11552
15620
24854
22314
10593
11484
22599
13096
11175
7287
19225
7325
4892
1136
30909
16872
26619
22482
21053
1986
26393
25735
3624
13173
10710
7480
28886
6758
20318
10505
1325
23763
1836
25635
24815
22300
19762
20294
23801
11993
14809
7122
12937
22638
27921
12140
20307
24136
28366
31468
6806
20875
3961
6879
22088
13002
23781
1307
18209
15168
5015
6390
9403
23744
25067
24633
30801
23783
8059
28927
22972
17951
9047
17544
21462
23096
15421
26209
4574
29645
2527
2017
30986
7117
27137
29124
17788
7572
21329
8006
27178
24379
17226
18847
23254
3087
6148
5139
23274
11647
11361
13521
23942
32741
31002
27762
24961
11084
18487
1151
30261
3835
12689
9683
29015
28897
24080
20804
17420
4459
10131
13622
6347
8290
22033
18538
15988
2082
5644
27776
5093
3996
31705
26146
9739
30428
2860
1476
2926
13318
11871
32682
496
327
3140
10589
8673
29639
10833
1443
30510
1117
25
24358
32660
25178
13432
16732
2767
7228
5684
23372
26053
17669
22870
3627
4383
10633
18182
21050
21384
16751
1244
26013
9550
14169
160
17387
24630
24307
26514
291
21090
2991
19243
31572
11475
1978
29760
3702
5908
31750
1684
9851
12903
16483
30026
23318
28519
25965
9348
6693
31488
23034
21003
20278
25256
27658
8931
19975
29598
22879
4353
9465
29343
32595
17811
21384
20929
19908
17599
24107
27002
11827
5679
25892
21230
6447
27341
10484
24223
19562
7018
9993
16048
7983
20769
11923
5425
22286
6026
156
358
18939
24102
13263
23886
1950
21334
21458
6795
17410
10478
28373
3997
8286
22476
13264
24306
8302
14931
11477
20268
16502
29063
26241
18378
22816
2428
8283
5915
23123
6908
18172
5294
7514
9615
4377
8917
29948
5179
31566
23853
26523
30359
25302
8609
9215
17378
26225
15467
31937
27777
17796
25808
24326
13960
12086
24416
16844
21011
1388
9111
20200
2717
29836
13241
25849
14828
23520
8433
21635
19404
4304
30111
11288
1404
31142
9674
27607
6767
11910
24230
23311
2515
15190
11088
4610
15441
28235
19583
23539
13183
1612
19981
3456
11403
26548
16165
29886
28762
17694
25260
8705
19068
8327
5811
30045
454
23518
30240
6140
8521
19348
26427
12257
4807
16603
32386
5465
13464
23926
10277
32225
9098
7235
25192
22631
15741
25917
13122
29616
4398
12548
20475
6665
18968
14126
18535
8811
20193
4126
31341
4113
24332
7541
9674
13377
25463
9146
32401
11300
21425
31163
23258
9214
8920
20937
5803
26445
4106
8299
15590
3455
27397
5401
17971
32445
18622
16850
24309
20519
4520
30523
826
23384
26215
7461
23353
5372
32352
16064
685
158
22018
23544
14257
12875
18378
5579
115
12992
26849
31075
18374
8540
27194
21420
3769
9324
23598
18395
31339
17167
21824
23387
11285
14174
26760
2198
24105
14388
21773
14222
5744
27783
8443
31646
26712
28758
22678
9366
30878
10045
13010
484
10766
30702
32224
17569
3256
22628
4992
17118
27650
28005
7900
6720
17261
28777
21254
21308
1424
1908
669
21884
18090
23832
25682
18135
7906
19390
20682
22702
6110
20351
8050
23014
24797
27955
3182
16714
30345
7342
20318
10849
28662
17232
4116
12180
25755
16088
7958
30005
20468
9137
120
32119
27663
21377
23627
24077
15153
2723
7262
27396
7410
624
12648
26890
30269
27989
27406
6295
4187
9219
11341
13625
30091
31722
3613
15045
29886
2151
8889
27951
10636
12664
10480
19919
28284
17101
19351
22588
30393
15326
30178
29422
30459
17673
1646
21623
18215
24635
27949
8607
10199
12520
8697
12785
26650
20230
12675
18260
438
21663
23367
2053
3406
24095
1779
3452
14794
3341
17730
16485
8061
9476
26535
25044
5673
15505
27165
8217
6340
17376
17120
18490
12452
2695
25946
26391
13207
30417
7606
13143
3052
23280
29235
11583
11694
15021
7150
9428
20827
22758
10134
12214
15728
24915
3082
27186
8866
28942
9731
1312
23706
4170
11586
9200
4037
585
26185
31502
21199
9575
4711
28874
21506
24583
19912
6605
12013
6039
32088
12533
25576
19289
23780
3618
10157
8145
22304
16350
14448
29315
5875
2202
6503
2940
31945
12605
131
4514
24090
21588
31902
1101
10937
28880
19014
22359
7548
19209
2896
8487
19474
30046
12821
31971
1908
25463
17124
25656
19640
8952
18339
20279
4314
31254
8330
12867
30712
7512
16520
10784
31774
14758
26660
7515
2900
4012
3776
9344
28192
32538
12872
15671
5842
20272
27171
14123
8215
25616
12861
18008
19483
24643
30104
24740
27979
14988
1204
23143
13158
818
28112
29836
9839
340
32453
4859
29124
29465
12106
24137
21046
12426
2986
5430
32740
30499
31369
20290
18256
10104
17756
25025
12207
25650
15257
7652
31443
1843
15964
2733
26368
6139
15163
3536
11574
25663
17228
24423
11764
8298
27458
20928
26135
24877
3014
1276
23047
6445
23480
356
32200
4468
18576
19434
2259
19283
13496
3838
31038
25271
1168
9305
15296
4184
14735
10358
12942
23940
13032
20731
9761
3156
19669
9171
12625
29337
18534
7003
12569
8532
719
12646
18991
23212
8486
25973
25132
21058
16821
30541
26707
8841
6553
10346
18755
16150
32607
26386
24203
30195
27102
21478
18046
32692
10062
19340
1871
21725
10028
10444
16722
2331
13169
19569
2434
526
21797
8336
5372
24478
2055
22251
23081
14565
25603
17001
25910
5020
1392
5078
15213
7583
30402
25918
28671
19565
1292
28442
15214
13303
5827
6598
24427
18215
2952
31190
28922
30044
19558
4248
4264
1708
1576
25936
8076
14468
13041
31402
5592
367
7511
18103
25109
1696
15167
22111
27538
3650
5163
2598
1724
15883
24815
11593
20741
27878
12293
28962
31293
28157
11827
26279
29455
1325
2286
22492
11775
23780
7866
25518
3591
22915
18777
2331
30089
16531
7923
18168
6796
16237
27550
12945
31251
27395
2900
11489
19730
14531
9885
32193
16999
11620
13568
16841
2625
14252
4506
16483
8007
520
21443
22931
15680
7639
1571
17574
28420
2430
650
8088
20058
8059
18889
8775
4550
4521
11351
18608
23025
24106
3814
7871
21420
11330
2570
31143
511
21160
32270
3075
14149
15270
10431
17633
10402
19822
23969
13593
25931
30507
22475
15134
14180
9828
26730
4391
19249
28888
14250
26245
19808
20865
16714
14298
5624
14072
22266
9417
2910
30471
9966
32743
26863
10444
28439
17493
18913
29375
1450
18019
15090
3898
28256
16208
1528
28968
4497
29162
1492
16806
9334
17597
10971
8964
22785
2230
22589
28837
32254
30329
18714
8267
29028
23863
25409
14998
9686
30392
28163
27381
6468
9987
2404
9441
25471
22829
20455
3111
29609
4134
16643
13691
9199
2852
4725
19526
2127
4903
25147
895
5127
31586
2726
28247
5176
6054
13259
10436
20220
11566
17926
13429
31995
5001
804
31827
22440
10401
25775
20941
5821
1980
20709
20624
28109
10177
26777
23065
28538
29763
17668
1419
899
1764
14551
17360
32103
31809
25322
10138
7516
22673
12454
5894
12854
24370
28256
11858
17302
10907
25036
26646
25338
21201
8686
8613
10326
1140
21401
7372
1320
22948
10984
32477
11505
21893
22497
22455
26074
968
21930
27807
27514
13553
3487
13548
11974
7917
14582
31512
21792
21577
12208
22566
1419
13781
31715
2008
30860
756
13247
30748
23806
16156
19108
25383
3484
21214
4381
6981
22037
25052
2
31189
7515
12247
27057
28164
17198
25052
3072
21375
10752
16335
24405
26663
18646
15753
1557
24705
9150
23541
9346
23323
26173
31012
136
20985
21638
9421
22351
28861
10779
12411
1001
30271
26841
13991
18722
11367
18863
5143
27932
9999
24645
10227
6998
31407
15873
9947
26577
17103
24759
28562
8107
30984
26841
9435
1047
7126
21749
24869
20167
16155
3527
3473
29467
34
20438
16846
9621
25025
30608
12676
470
19863
2216
20675
24340
12049
9515
22715
24551
11622
15320
19351
12996
27609
7361
23522
7702
24440
3973
2313
10621
12523
3706
17168
15246
18294
10068
5605
23515
19952
23060
20828
32065
5617
8861
1506
2913
3615
10180
6017
7366
6597
23025
18753
31491
31209
2924
7431
12931
5370
3568
26888
14032
3163
14762
16895
31295
11381
7721
12868
23939
8503
9168
1199
8363
10030
14397
20716
10806
7467
29346
2631
16980
1372
8445
10264
3446
31119
25526
10136
15804
28819
27488
29967
21571
8186
23262
7583
12040
25071
24086
24944
28092
19764
18319
18832
8320
28260
6474
29933
14351
30436
17259
18433
10112
22685
2330
16379
19523
321
5975
6153
8907
32684
5412
31930
32060
2137
23513
24157
17087
18434
7168
28743
10713
28456
6221
1894
10782
15666
22824
12518
28811
11973
3846
620
2954
13631
28188
13262
9162
8560
5966
5008
2492
16803
22365
18423
5240
25818
21934
1716
6761
4429
25722
18649
15084
32287
7452
14830
14449
5400
7881
19919
21390
14662
28628
25336
27380
10852
452
23348
12172
25345
31364
15849
32479
14071
22916
7278
22542
29085
12872
13462
8477
27817
2394
5103
32047
13933
11334
29664
5907
15157
13470
20
11816
10936
29390
4737
11827
31338
10971
23721
23040
13539
23574
5982
12649
19487
5113
29881
27263
9694
31545
29502
20134
25330
1685
11854
2307
4023
26472
1225
20583
9549
20145
24762
12971
8522
11347
16815
31980
7765
23418
5924
20307
16718
5646
12720
18080
2566
14485
26176
6276
5318
28055
21691
257
5382
3722
5810
7173
18974
623
8661
22994
5294
31002
4923
20871
7094
20823
9480
4988
32460
28918
1056
24174
25034
14408
26710
15223
13334
1529
25914
2810
16452
19575
23787
26155
22739
20225
30164
24908
10040
5587
23010
4527
3657
19172
14067
27490
12132
18223
9098
20951
12884
15252
27845
24202
13938
380
32364
2076
26693
25176
32326
23426
7017
12120
19819
16539
8932
1522
19394
29754
17454
13516
21436
7353
17973
22392
6942
4300
26925
26126
29285
25786
30182
7705
13710
13573
263
31162
1901
4800
3080
31354
14642
22697
27338
28825
7110
8503
30862
17843
1305
19452
20170
30817
27844
24588
12665
19803
22529
16666
10107
3600
23893
24646
1249
21649
4048
13490
8255
443
5802
774
11658
18822
22046
13532
22422
3894
17228
17654
19578
16094
7286
19644
24177
19220
20848
25611
5547
11000
15556
28240
30971
32164
115
726
23959
19236
11640
29581
6639
31030
23733
6206
6474
10707
20985
30348
29488
2617
28989
25815
21560
20874
24100
32427
12659
26961
15475
23627
19345
8794
26716
15607
3721
7690
32074
32067
15522
13349
4670
31621
16714
3688
23133
192
29417
6733
30038
4998
32107
31955
2781
2079
30715
3445
25085
21219
14748
7379
19703
26003
15508
1178
21061
17819
23453
32497
22040
11997
7366
7873
22142
20261
23921
1407
27730
25853
11204
20227
2798
8167
12440
24338
17049
12105
26785
26931
13258
16007
29282
3861
12164
21721
3638
19804
31600
16010
26824
21941
23318
14173
17899
15295
20280
17778
26419
22502
14699
3671
32597
17121
18556
11811
9413
32534
3305
20259
2470
3254
11936
2751
17884
24515
3178
2642
32502
8524
16352
31084
2416
18247
14231
9221
7073
5191
26039
22625
8759
6221
24976
7656
24471
25960
8277
1736
10454
9767
31655
11737
692
9482
24450
31578
22741
28691
10747
2354
29074
2321
25299
23784
23859
13222
7944
18955
27460
20527
18190
15546
11858
29483
2699
25062
30184
29247
10845
12275
28079
1324
10181
6920
23388
29422
10779
13718
18986
23998
27383
9006
15146
6273
20216
21779
3482
4536
17587
6474
15163
27492
4806
18799
23320
7740
12484
3636
4702
28914
23557
18014
28725
12960
18016
12661
2891
5122
29346
32330
20928
20627
13400
8069
24066
13848
30635
16194
4225
29104
21609
19555
26695
11255
32698
10412
26415
21775
4614
31889
10351
24069
11214
17575
3579
16572
4513
6435
8824
28310
29820
23589
29094
25164
14106
24179
27310
20254
11682
8707
31886
32367
26510
25305
25708
21412
3270
24307
24015
30274
6233
14308
1779
26601
30700
27011
23803
3580
1593
32394
2327
30620
24413
12556
6860
31464
23183
1219
2152
7223
32195
22419
30315
14391
7293
10526
13103
28166
9989
12288
11629
20086
24694
6208
8267
10948
7354
29327
32238
22672
22670
19030
8281
22624
31180
19002
10714
19206
18520
19795
17055
19580
7975
27668
4375
840
24212
23932
17286
11789
3257
26440
28958
21702
29736
10064
25396
27226
13617
28129
21190
8848
19875
31371
17819
18576
14019
12750
19278
8300
23983
27226
12505
21304
32334
28719
10795
20140
10802
2192
24153
25620
31119
32506
11575
18812
22465
18856
20743
16220
8637
8839
1513
27304
31697
7
18078
5169
17190
19998
24508
32646
4812
16995
31904
23969
12791
8670
10229
32258
7062
12395
14464
14346
26370
28147
18074
12378
1759
22828
5533
23033
21238
26287
10807
23293
9323
11653
11878
25963
16165
11378
21752
26855
25210
6657
29613
31061
24858
16562
23598
16608
23988
3556
30289
22446
29283
29705
3450
28679
12156
22089
24798
32391
18690
25865
16078
23204
11544
16996
17607
688
9224
7667
20152
11685
19952
30232
30904
14392
5083
14596
24307
15156
8246
10996
27559
16968
6482
24276
28175
18315
848
32557
14164
31014
21648
729
23479
17156
28509
30069
12768
14196
20847
21015
21443
16060
7789
21567
12793
15852
31279
30790
22724
31581
25412
5267
24017
25945
27356
6588
261
2596
30701
14248
31692
16061
9384
7178
19560
4539
5185
13311
1526
13397
21016
11964
21318
21519
21263
30295
26079
25845
19813
21189
22952
29750
19617
7252
30962
19720
31435
12552
14064
26190
26894
10478
4217
20168
25561
28383
25207
29431
13884
29132
20962
10505
17616
9696
25924
361
32201
17117
20505
28287
16382
507
14702
18013
27835
5064
28135
22972
11936
19239
12910
18499
15434
3219
25732
1632
3882
4762
13135
20834
26446
6269
10441
18166
26859
30325
775
30039
24769
26017
26346
16214
8243
31486
912
18402
9544
22316
24674
26544
19945
3282
16900
23353
22468
1201
28629
25093
15734
23698
31625
11797
22401
3591
19278
11265
25965
12973
3382
14788
10645
16980
25714
11791
31829
14744
784
10947
18050
7014
16395
15140
17474
18892
30863
31059
6487
23733
25814
28581
15293
25375
31335
23280
248
7298
8053
30977
1827
29752
2330
27927
8740
23873
13129
5751
20885
10153
7765
14413
27532
32168
32614
4180
13482
21498
13478
28390
5515
3521
1157
7947
6137
20580
8867
29055
19805
15522
20264
3157
2700
18539
30683
2060
16952
14480
3065
12417
4449
6911
14560
31308
10636
3121
12504
15247
19758
1489
27372
3826
24896
26936
21077
4310
13659
14830
21125
29526
5281
950
6151
9949
18868
7996
4961
26299
14027
7501
31765
11911
17781
9817
5385
16472
30314
23035
13617
28645
29758
11895
11392
19191
32135
14714
6038
18114
13118
26902
22668
14868
4481
4684
21766
18592
2340
18048
21233
30159
6651
16850
25861
18677
8908
25141
5843
30641
15781
32618
18636
4266
27663
4519
8163
28200
26356
4112
4737
18950
25295
21313
7999
14691
1897
30874
10266
12637
28391
14544
24036
31068
27008
13740
32228
23605
1640
11435
30071
14349
32761
5991
15496
5042
28856
31759
30465
3557
24128
3546
18562
1585
16494
4742
2411
7205
18551
18557
12020
13939
31066
12975
32528
1850
18874
32112
15870
4178
20135
22862
24986
1938
8119
24069
17396
31497
7696
28142
20987
26048
24583
31818
3468
25573
23358
8538
2206
13674
23391
4713
10212
1516
31564
17020
12001
25995
1917
31488
5440
2757
22228
27813
25123
25494
2572
4003
5447
1838
18610
27849
25347
14289
20900
22510
10447
18564
16398
30094
804
10119
343
421
8548
8473
17347
11847
2775
8941
20718
17915
2071
25668
17382
32256
1407
20192
13189
19094
19545
10309
2882
31361
26147
18875
24222
2596
21345
3403
8312
6095
2978
19416
17810
18627
15963
28741
1638
27434
29599
6581
31741
12857
11516
25976
32691
7997
2115
25730
22006
23614
19782
28107
6297
31055
30012
30466
19945
8868
24886
1222
15945
2111
6701
12892
28734
3676
3205
12326
9446
10709
26933
12753
18047
14652
30686
10399
12949
19826
24485
7907
18626
27513
7252
16203
5912
4309
13485
16601
25438
13875
22744
12312
15488
7310
18456
11588
19346
22820
11782
31858
8117
22807
4783
11668
18670
1306
25693
31407
10552
9545
23358
25995
23674
5171
5968
20126
1858
20420
1022
16871
9105
14692
11232
27072
21616
5732
25392
10113
8395
5820
1367
6097
339
27951
15080
1949
23872
19623
18727
29673
13599
12222
32210
8996
79
25554
7179
25486
4771
2050
19737
1023
29345
4062
14639
16107
11949
32176
11757
9479
8214
24443
15531
8869
8834
10716
27858
22995
19066
20271
5592
29576
8711
21847
3673
24915
9816
8980
4285
29150
11864
31047
1926
32056
13425
4775
4020
21897
31126
6250
15471
7713
16455
25591
28798
27535
13774
18373
20083
21648
17286
3006
17121
30639
555
12436
6517
5323
19074
519
1423
6368
14586
15139
13198
7484
30026
17973
17531
23632
13410
26287
21021
25450
19595
22512
28512
581
12497
10820
11841
3330
6501
7948
26699
14836
8865
21515
4210
25878
30369
23698
22889
20279
22763
29585
13375
6585
24990
2125
19938
6524
25563
15724
12610
21523
8066
2296
15520
21722
6041
25726
15612
5460
25440
16946
10232
6763
3604
17394
23089
9858
25175
3791
9996
24896
30832
28426
21576
5365
9699
549
18459
31120
17881
31300
4539
16475
29495
15852
14531
19574
32158
8074
19318
1110
22086
14005
4069
31569
329
30640
24113
23882
29649
11611
6006
14562
27054
29819
2925
5843
12734
14616
5793
10140
9288
21919
12484
20520
16264
265
2523
13577
22424
32444
15100
26238
29532
17860
4122
28324
4159
1889
22243
16476
30100
24430
6113
17108
11375
32468
6889
15251
1425
27605
2627
11298
4397
10095
28232
18039
11237
19563
25982
25188
20957
14020
9793
23576
25191
31072
21514
21797
10134
27732
9332
16737
4520
583
23969
29589
30561
24264
31102
18198
27948
17029
19195
21921
13154
31067
25942
17607
14184
9747
18779
21214
25643
17605
2910
27498
30145
17809
22169
25599
5621
7326
27349
11727
8035
15317
32323
29124
27573
4668
23111
8049
6912
15507
7762
17844
14476
11258
1949
21687
9403
8636
8044
18833
28276
14341
30068
17763
2723
25245
27735
8635
31076
4971
4449
12418
25165
32040
9204
21558
16828
31937
25765
26044
3066
9606
12531
21213
12307
203
4256
16333
30234
31573
31204
18752
13609
16024
357
29451
24104
21869
29535
28457
20381
6530
31452
30248
2406
19780
4532
21345
3257
24082
19596
24988
4444
30181
17336
26431
17752
6083
7516
16160
13527
9181
15781
10245
7002
11144
20940
13140
22184
1373
4475
20972
3984
4650
27961
1991
780
31574
10012
13133
88
14064
27257
26757
31083
5076
7109
14146
14129
12368
20425
4977
7634
7745
8089
26420
18539
15349
20549
24077
31508
20655
1887
14229
21643
7806
3771
29386
6799
29377
627
29047
28031
19761
15828
31230
11497
27960
27751
28838
29714
16306
30309
10920
21198
31945
809
18502
4691
27096
17344
18410
21347
21244
23788
28705
27016
6010
19997
21598
4167
3734
2618
8546
10422
9563
784
2260
6851
17433
17518
9939
6865
14420
5668
25050
22069
12198
32194
4462
32298
22299
2186
25557
15793
28345
6103
31386
30960
25040
12379
18928
21017
16424
30522
7503
29947
326
16946
20343
24357
27328
30234
26367
20894
30291
2510
30620
5178
23247
16748
11069
32080
24081
31693
1295
9301
154
27785
21525
5673
12556
365
24617
7413
25306
19940
18937
6315
25881
18870
19988
7342
12781
18655
15264
8632
2115
23728
22036
14219
25910
17005
19308
12953
17385
31404
32409
20514
29054
32415
8513
3055
18879
26530
21586
29608
18156
9748
14848
22734
26842
13230
10208
18324
20403
4523
11965
4888
32221
23638
19048
32594
9677
3863
1523
22207
5490
70
14358
25634
24390
31962
29268
12376
6740
6806
8477
25315
207
27481
6917
23834
12187
9668
11982
3584
22751
9663
17131
2991
23049
20347
14670
1362
29848
6835
32379
24813
16085
14218
20882
19275
22545
18354
18093
10927
23905
16017
5951
4302
12253
9763
15432
19947
4581
13703
6385
6166
9379
18219
22529
26364
23076
9604
1794
31163
9329
29489
13694
20908
15047
23058
892
20458
4594
14073
21384
21802
21101
13701
15170
15854
5489
31529
27492
16592
5972
5381
5670
20286
9474
21431
12611
12576
3858
5109
10473
22080
14498
3538
368
23832
30561
32222
3604
4841
19054
9396
2939
5576
12316
3780
23331
19765
7276
24394
12413
32052
15568
18921
551
20533
12189
10429
26620
25126
1065
20126
18511
15218
2613
12933
28030
19555
16337
14744
20893
2400
3127
29466
15240
24189
18859
3848
14029
9020
13647
23317
21684
18912
17658
11316
10486
18538
20046
20711
22987
12397
13199
8251
13081
3761
24051
4050
31574
22268
20575
4168
3954
30585
18605
31517
5177
18127
23812
6845
32161
10913
11802
12037
24342
4640
7272
30972
7233
3080
27638
2661
17625
32181
13015
15155
10174
30136
27811
30790
18178
26716
16217
22426
17358
18582
21086
2389
32493
20582
17167
26527
28991
21188
13994
14993
1918
27714
4273
16670
25433
26681
9622
12642
4975
16484
24658
30213
28397
30020
3640
31029
21734
22013
19685
13824
826
30677
25187
30124
15050
5887
25007
7440
1661
2005
28685
2237
31174
29748
1558
2933
22637
23748
2713
25417
17030
3485
18592
13853
20889
16054
9050
7470
8401
12770
32356
28496
9204
26141
30881
24546
5585
566
16726
25682
3864
25287
21674
15547
25111
22744
32398
10690
1487
1842
18180
9815
14419
27534
17372
29898
24229
28616
29929
27823
21848
5446
23453
15492
24926
7998
22157
14585
27076
22985
8312
1368
30811
15954
5861
43
5384
20655
4423
14378
10712
17297
17618
7547
15904
14716
13575
18278
11560
4483
25401
14581
15469
9601
32123
9831
8184
26213
19471
26032
24615
6406
17472
24745
25844
31578
2622
30878
12449
29099
778
8158
11107
21415
2267
5022
21311
27291
6258
9134
29904
12623
32490
3308
32105
12617
11386
2058
10372
6269
23421
5944
27868
14995
10100
7830
17821
13497
28401
15641
4770
21121
6690
11143
4806
13950
8713
10827
22872
12016
21003
20637
7745
19056
11625
20728
30193
22222
26398
2820
26760
20671
18324
32264
6169
8851
15676
29760
12967
28743
2856
16199
5159
15832
24616
20699
182
32127
17727
5645
3535
15906
31100
15673
17608
7997
15268
23969
32729
10834
8200
12689
3396
6747
29602
23617
108
12701
20752
17113
1427
9246
3157
27825
10103
16810
32413
12274
7611
15709
5302
6634
7528
21641
17911
32134
28500
10539
3783
5712
16482
18647
2666
31483
1710
13674
28391
2737
19731
14903
22952
24668
15809
14778
21175
17953
31614
25549
27506
18821
10685
1997
2742
15770
32166
4065
5253
28862
19686
4403
26358
6210
26223
5679
20263
3876
28208
1832
2956
20605
11954
2346
24850
7909
14291
386
11918
15366
30230
31131
22256
32677
31055
25504
20174
32676
9070
25968
27841
17212
5818
18379
7607
6292
17488
563
13411
2101
17972
19375
27454
20796
6121
26567
23426
13159
30326
11820
32357
1063
20539
13575
25175
6791
9388
22910
5541
7092
17090
31001
8334
844
24285
25568
27980
12115
15967
18125
21924
25608
6901
23126
967
6268
19972
11127
2387
8834
30953
3779
5576
22084
8564
21395
15544
22606
1780
5952
10149
1538
12685
30045
27457
168
7781
29948
11935
19279
5439
31150
6951
30864
14481
13098
18550
30005
13929
5892
17038
25212
6411
6895
3416
29619
24987
7909
28704
16174
1300
12473
11704
9685
17493
7524
27904
22120
22200
14664
7622
18529
28193
13991
19534
6912
658
27674
870
5566
1442
15032
14551
16899
17249
23108
31778
13200
29153
19504
15506
11803
15017
1925
17255
26712
14951
28566
14822
9497
16312
18167
1020
2845
22120
29902
27050
2828
13115
2512
30767
11531
13102
10302
32185
12521
7607
2982
12346
715
15934
16318
15620
6936
13543
10468
23371
26065
20700
5229
26694
4227
6751
17276
2660
9100
26180
8238
15694
14740
12075
23555
13063
31838
4296
21020
678
2525
31511
17476
22987
15325
12001
6980
9504
1481
7594
21238
2222
9374
23245
23570
10297
1642
23067
31461
22944
14132
18407
4757
115
26454
27965
22872
310
8393
27626
18686
5661
31749
1073
21647
23568
12549
6285
30964
18117
27974
6827
13093
16862
19584
18967
21163
13654
18172
13796
11136
13777
18547
24534
31638
28700
23945
31783
27119
9347
16415
501
5826
9842
25561
9200
6898
8652
8178
8447
13094
11470
14542
25393
23119
30172
5943
5283
22627
3641
1386
23816
19767
15349
19979
8333
29487
6371
25337
312
3082
7181
5139
16222
8912
3163
14100
26642
16362
28206
4190
4336
9000
16292
28585
30048
10394
3182
19196
3621
12583
11868
24503
2517
15139
24467
9170
25899
18100
28665
31501
19259
20575
563
22409
13806
9977
24896
29132
14677
6570
13897
27040
2236
29572
18839
9152
31545
12649
9572
9765
28607
5960
10360
7713
11429
12304
10820
6015
6910
23341
29297
26039
15145
2401
3630
8664
2455
4931
2624
29706
472
32634
23434
14239
19532
9051
14715
30831
15507
1393
14340
5490
159
26532
23574
4090
26113
7991
31406
2689
4588
14600
6864
27457
7964
18958
18266
27531
24942
6085
5067
9268
13293
16958
31644
27290
21228
32743
234
14121
27345
19437
180
6828
24358
4719
28754
6677
5477
13470
15244
30597
30561
32035
4712
5719
10866
4133
8080
2208
12607
21202
93
21243
17108
8901
24157
29029
19494
11077
21275
28342
17144
24442
23520
26449
2382
25866
15577
4840
8392
27139
7719
10821
9202
21183
11682
20334
24437
15229
13602
5066
13771
16172
16665
26075
7002
32264
16834
26696
15647
23335
16889
7986
12310
24943
24684
4758
29538
17798
6655
12820
23177
14374
2004
6371
26296
20898
9066
2160
28865
11140
20454
4626
12064
21470
20593
27045
12156
12318
5227
10951
5795
29195
3469
31078
1531
31469
13369
8581
13563
6518
31687
3400
25574
17243
11617
17369
1404
2775
23291
24295
9524
8776
5619
5176
25732
2118
27318
8647
4914
14236
31955
10264
7736
26459
4526
13433
32149
22448
23069
30555
12423
2534
19010
29166
25424
13260
11575
17139
23181
3460
8913
20770
455
7358
31807
12039
19301
5586
27028
11268
13117
8690
18167
7505
2450
8568
27280
12993
1087
20204
3279
21799
16350
27870
3194
8244
5873
19316
15965
14923
28408
25151
28639
12287
5167
24758
9168
29419
16811
32562
2049
1384
68
21248
10942
3215
17733
27318
14569
9329
19501
12104
29083
590
14894
26569
6653
1193
11596
24017
25405
4566
21172
6446
155
10649
20255
29256
23385
7812
24704
31733
20133
4076
5801
2344
12793
11132
1985
32761
2531
25383
23077
27248
25426
14105
15457
12169
22777
932
25747
30821
28374
24944
4771
4768
15825
13856
31960
11794
32762
3475
13569
17874
26952
23702
31133
8029
2467
24125
25067
8879
15105
10502
1789
6704
2619
11
20213
15549
21300
9883
7018
18365
16802
13083
20651
8832
28175
8700
2831
32762
13056
29707
19307
13377
3831
3232
3396
18244
19288
17781
23859
11346
30379
6066
5060
14340
7737
6280
28190
24832
22515
8272
17327
20501
14938
1657
1297
31786
1742
4378
4864
13163
17131
24118
12883
22418
27264
31490
26593
15970
32351
1105
8377
10692
7628
29286
22339
19679
16984
19214
14279
17061
25915
21377
22458
22351
21946
1085
11593
12240
8597
4195
1970
27099
18840
2572
12170
10257
24862
8970
27426
32016
29029
26559
32134
14058
4572
30843
20679
23282
720
987
5301
16708
666
11731
13717
10930
18345
5889
1636
24513
1928
13644
24069
20107
3754
2812
11426
19178
8294
3309
26514
17547
5093
662
25998
27473
28387
12098
26869
19920
18555
18227
16417
19847
17214
30485
8701
23061
7629
20735
2375
14169
24525
9586
22169
18516
7713
12495
22392
8705
13378
31094
14033
25679
18135
18521
3141
23111
1577
22254
26978
9276
7664
11694
17166
22306
6986
12041
12576
32278
19358
1533
20160
5055
27686
11159
32229
2638
8885
5257
26964
31626
2165
16031
474
15840
9496
28314
8442
5550
9087
10478
26636
19850
5349
13404
25080
19224
30296
4771
32170
19133
13635
16431
8564
20526
22009
4745
3098
12268
9085
11428
24168
4109
6676
16625
26746
10820
7621
13279
20829
12824
30882
24127
25699
6727
11259
24630
27544
22680
6204
16134
30023
7414
13767
11581
9093
9411
3705
4442
8428
8963
4743
9765
22377
12150
18348
8699
3621
30613
22800
11768
25651
29787
6621
15400
23977
15631
28863
20659
15278
25336
2864
27752
6977
30610
13090
6258
18466
4051
20954
32521
19330
9770
4751
9143
25746
21664
11687
1308
21317
9612
7615
26911
19502
32473
4537
14836
14014
3232
18235
8044
1703
18051
15422
17382
30692
4997
8252
4626
26463
630
24401
13477
16625
7970
16615
22128
9885
24377
16811
12728
3199
25457
31971
25030
31808
20809
9239
12079
22263
28780
3814
11850
4678
7252
11834
16598
10414
440
13512
27464
10791
12220
24901
32508
4672
28278
18567
3948
5593
16886
8034
12507
25719
29304
9644
1045
16312
8746
25432
29406
19591
27622
16238
8038
1054
5203
21372
15572
11129
19276
24473
30030
13342
13769
10435
9749
12404
19687
11482
28090
11914
5938
3704
8352
15718
15284
3357
22818
29296
11156
13799
4853
29647
27196
23478
28248
5041
5475
10573
8581
9554
3598
25197
18525
18092
14737
22602
28543
25223
27898
27173
27664
27418
11091
11470
29366
11395
19925
5730
6707
5949
4988
14170
20356
10396
2641
15470
24763
1176
10628
30630
2388
6815
13972
14614
9187
13685
11875
27203
5307
23320
21545
32138
5231
15494
2337
22005
20695
29065
22286
3943
5310
1544
19253
32340
3102
32373
14927
21697
17136
31072
8096
31702
7894
10185
31143
2455
32744
11833
30721
23673
31503
6165
13538
19224
20735
24011
4642
2749
18900
4962
26119
13745
8557
8104
26476
16349
30197
26834
11174
19402
11896
7394
4056
4508
27050
15524
3575
9985
9621
6535
9135
3628
31478
9642
29929
11083
6083
15282
24022
19116
11590
5268
3153
28618
7405
6633
28624
19670
14654
2006
28824
16092
9896
9786
7302
29453
20361
26569
16964
3553
18334
19756
4153
11237
23589
6172
17627
29043
18984
6583
22229
25654
3028
21966
9936
12422
1097
27954
22182
17281
20483
28796
11039
11736
21729
12727
11081
1937
19276
16010
5524
8485
15650
9876
12749
22132
25546
7899
25377
26517
27478
30443
12393
13118
9157
8879
31412
13764
491
18099
12800
24677
31778
8658
20194
2556
8812
1459
32169
16345
32106
9628
22333
32032
28563
9375
4027
27240
31449
20802
12492
24416
14641
6714
32151
22508
4098
24106
1201
13358
25167
12843
32136
8898
9935
4814
8925
15102
22975
9818
3030
25307
28279
24966
18276
16993
5558
3566
8464
7667
14905
5031
16122
15768
27602
20572
14400
12757
18059
25334
29998
31352
5181
20709
3028
7406
16951
1093
2555
9722
28549
14869
31846
7801
10085
21031
12233
16917
4739
31669
26612
5201
28995
3676
4220
29422
23380
27395
5504
24678
20232
19147
26089
11608
630
2357
8770
9814
13544
17577
9403
21134
19658
30422
21409
1983
2554
8409
29846
24986
19050
28818
14940
18534
20450
2980
17016
28627
16838
14715
27107
29511
272
6931
10801
17767
20300
8982
27881
306
16145
19814
21004
3569
17985
2865
21957
23751
28995
2537
22877
29011
7821
32280
17880
19911
9312
26542
29935
2563
31269
1416
29121
13122
19369
22128
20338
23817
16635
361
28857
17384
19937
476
1310
31528
12511
28338
4461
17723
12576
4398
14953
5102
6342
4109
27249
27916
8600
22873
6279
4419
407
4632
13195
14088
22098
18588
19136
4479
19570
32339
21185
7411
31378
31077
3552
4989
30906
1968
31996
10941
14206
29480
21
32260
32455
679
23417
17865
11411
2551
31134
4711
27557
6994
22048
7103
24476
21431
16471
21136
19987
20457
1004
29993
13986
23
10518
30455
32237
5807
27427
21090
24388
5244
20363
4668
8030
12349
20469
30415
25742
21089
13701
2300
23280
1149
30632
25555
1612
32173
21736
18479
10604
20779
610
31597
18520
3381
5624
1393
2570
7611
16449
31941
27846
29130
18366
18418
22886
11916
6349
14780
19926
20680
14795
17197
12105
16117
21408
30264
12747
5344
10415
15579
9727
7971
24183
27916
8228
26332
3846
31030
11015
26689
29180
26146
7503
13823
6947
32003
25505
5273
11128
20820
27575
3311
1952
15930
5491
7010
550
29241
18475
30917
22838
23183
16150
19547
14834
18447
10319
17525
30377
15056
30207
26498
11372
4762
18860
13917
26748
7054
3348
6513
13440
4893
15219
11509
7766
31856
19312
23669
2639
7417
11591
17955
19859
31368
7050
28359
16704
6417
12052
26345
10799
32392
10255
29029
29291
29228
10484
15961
9018
21969
21785
13595
3179
32439
3829
21932
29070
14472
8392
20007
6348
20857
10134
26488
21623
16352
25513
12126
20136
22255
29562
26221
12015
31676
18524
16427
5610
7951
19962
8017
29479
9671
4516
29218
12490
874
2238
25236
4568
9718
3129
1068
12071
29401
15416
26652
22844
26989
11381
8221
24831
24543
12739
19904
5928
22655
23199
3232
3561
17985
15623
31063
15658
5217
6755
4199
9463
22377
7735
17899
3483
27552
2663
6790
12259
13200
25205
1715
7157
19645
13116
6735
18988
28160
929
25
8729
12247
22132
3821
13377
16732
18473
4210
14109
12880
11895
4311
26684
11219
22269
2934
25659
1822
20871
25424
2749
19807
22379
5181
31063
16604
23021
31554
6704
12425
28184
2484
26083
3674
24366
18037
10641
28526
12312
10556
25452
24981
8554
13957
2387
4994
17473
13671
30580
21974
12532
26726
27733
16789
28171
3922
8038
2479
32363
21155
14673
10811
26389
9774
14369
2717
13879
25413
27568
3146
24898
2726
10760
31622
5153
24721
13535
27807
13557
26892
4861
16953
28969
23813
4115
27475
31882
21668
4222
1804
15564
28491
24593
23241
19002
2374
11326
6191
15439
6359
18199
20294
4825
5158
18965
20722
11645
15653
4968
19622
10036
14339
15343
25169
8023
23780
23385
16608
31503
17620
26499
20892
10056
30012
10746
26271
13802
5050
1947
17883
20761
3648
2643
25989
5213
9392
27450
31091
15710
22774
14774
31784
3201
2998
1534
3120
10252
16378
31991
11000
19173
20206
25530
29958
25861
18022
29474
6837
2185
30353
29984
17821
2324
2757
6657
20077
78
29872
26136
23065
2098
14381
18837
16817
30113
28610
31373
562
7616
19786
22611
30256
18194
14547
26215
21048
6262
32436
20255
7042
6904
3411
13568
2171
24883
15601
18223
6366
4861
9417
18296
20930
16978
16103
11922
15961
1498
20694
23662
20537
15963
7114
8366
10799
9485
29947
22701
22991
24919
4827
28081
18283
8220
7561
30592
23419
11050
27084
9929
27876
18055
6230
10216
4462
21009
9884
20991
3185
4814
18674
5741
9322
19422
8830
16691
13590
16252
24905
18525
19079
7883
229
28737
181
14797
21345
4950
31203
9984
13803
27367
14283
32723
23927
7586
26855
29175
1420
18579
2954
30755
28686
32267
18015
12177
13988
12917
17041
28973
964
201
1054
24910
4440
3301
29135
19171
12629
32130
7185
11623
1477
23189
8023
25369
13310
20400
14368
12982
24513
26150
26476
3379
24988
7230
30199
9359
27885
11353
15544
25049
26044
5548
15225
32399
32062
11902
17500
17732
11968
9841
15090
12832
14292
4435
5735
13627
19277
27254
12445
21725
3848
12673
10877
19514
17076
13938
24599
31969
19939
490
21653
7031
15205
2069
21756
29502
20697
31972
3468
27031
5521
12327
24242
19848
31559
23327
11678
15714
7871
9858
14320
27659
13710
18877
31451
14269
5922
10665
6066
9144
27033
15598
4359
12100
15123
14600
31898
28013
6559
22451
6199
24633
22901
911
32577
17757
13819
12202
11331
10246
21647
26847
3205
22435
25598
1975
7392
23477
28164
2871
4354
14759
18975
13748
19332
29573
5004
31218
11304
4020
18078
9946
28180
20340
6227
15131
13172
4877
2188
19599
19698
18213
1332
293
11174
19515
28132
18094
11233
9754
3687
18028
4386
21923
7156
29257
10478
31339
28998
6392
2409
30007
25571
24112
13301
17583
26922
23397
31897
3959
10712
6686
28682
17103
29268
15
17613
10192
3232
26507
31451
20629
11225
23430
18045
2584
18325
6261
32105
18427
22967
21273
22576
19745
25035
13804
27674
15745
6423
17925
14394
8369
21472
27402
28686
27964
32757
24756
7040
32465
13344
2805
15943
9761
1557
530
7039
14880
20093
16714
17924
8883
31031
8240
29115
19808
32469
6829
18617
1907
31950
3386
26867
4398
14062
10559
1381
31628
22508
25150
32
28741
22418
25813
13378
10767
5953
9975
17493
21147
32252
31239
1290
21778
11924
32101
18822
18600
12665
30604
2846
28417
9595
2079
4759
2962
6315
23709
24883
25501
11792
31469
5847
4544
13578
8925
12599
4784
21727
11625
20675
7636
15259
20239
21273
18433
10702
656
15624
10039
30845
15289
8973
11875
23014
29459
12647
1006
11597
30541
3207
25169
8180
2833
24799
22099
9868
17051
25292
17071
4457
22434
23619
6746
2545
15344
1309
7654
25944
23070
21852
11456
22383
30824
17837
20320
28458
12094
5628
18298
10871
5516
21793
32135
9003
10901
20210
5944
23325
27426
27496
19744
29100
8972
28702
28921
8872
10209
24734
17017
30074
6874
19204
24688
5674
934
2834
21657
3052
16052
3957
18435
31412
768
13879
2818
12167
19373
8751
28967
16172
1015
20028
27171
2131
5245
14672
17785
24921
4674
23716
22547
8955
17015
20029
9182
16213
13292
16154
30386
14139
14055
24774
4079
9771
19151
14315
27040
2264
14777
17076
8805
11042
18939
1490
27939
24908
14149
18596
6441
8013
9893
14505
13948
24581
3987
29102
1464
16782
21587
7216
10238
4648
18041
29408
10151
30745
1137
47
223
25964
2581
17211
17150
30688
7333
23859
18778
10050
31610
9461
15096
9488
13329
9644
6884
6561
32104
3685
32683
26907
13335
4747
14444
24434
10115
18163
19122
1136
14951
22813
863
10842
32709
1627
22405
8377
20730
74
9768
8157
18225
21493
6391
6497
31872
21553
30529
31466
2292
14752
7168
6167
20351
8837
619
5704
26676
26846
1205
10954
29823
2918
16125
9065
31868
25917
13455
12922
19681
7933
4752
1900
15395
7675
20113
17124
28121
25637
29446
15681
10107
7105
25036
19375
5909
28285
19761
522
16986
15382
18926
31734
23448
23339
9598
3266
23074
3621
28693
23044
7078
8546
26029
28394
22039
23100
25766
31303
21794
5154
16110
6599
2352
29014
31475
19417
29158
16823
24852
42
22062
9303
30546
15766
11871
15393
1641
26404
26395
21152
21589
16186
1765
75
6983
27281
476
9010
25333
6320
4541
22954
24539
32263
29431
32378
13976
26870
12314
281
24418
5839
8624
5464
5584
12392
28530
1828
27410
12736
31374
21121
26678
22560
24960
11336
14432
27417
12949
3874
30329
14017
22472
17348
21528
7502
25249
20727
21938
19909
14804
9789
5237
11856
9015
10758
20528
23242
29784
32030
20417
21134
2595
1973
12174
13262
17439
1434
7525
29156
21089
21359
20897
17256
12537
4110
8141
5987
8476
2868
10251
31964
2188
28359
15808
29077
13600
5983
20932
20118
9785
1030
11654
18378
8745
25376
20276
7456
2713
10313
25099
30345
11089
10309
28137
26155
28532
837
4085
12416
3461
29040
362
3174
25384
27679
10404
11636
6634
8004
23572
18460
12425
22710
8661
20593
17485
11088
31787
26348
20980
14029
21911
16597
11028
11270
3036
490
11000
5482
455
9961
20771
18869
27686
23932
14650
9331
7761
11902
8727
3141
10512
8462
21722
12794
11296
32723
18854
7982
17622
17057
2816
17358
15173
13413
18491
7497
8848
8147
20530
25765
2766
26431
14456
25059
25507
6102
19443
4966
1921
25382
31157
10568
18690
1593
24351
17399
30715
10173
30663
3106
16905
15680
26184
21058
24024
10356
14843
31235
27792
15151
10340
3454
21289
8544
23847
598
13924
6818
29221
11298
1989
11697
18565
25654
15028
23652
14432
24743
13035
5803
13845
5862
4709
25409
27349
29153
21422
21930
30396
32026
6592
14710
27881
4045
26000
14509
2827
25140
17839
30365
26930
17374
16185
4176
4149
7760
15834
2835
7138
10004
9339
21968
8112
14141
15965
8367
15835
7917
11522
16531
12650
9105
9890
28885
6930
365
12935
10180
30102
12860
18416
11181
24681
201
14410
25191
30533
900
26354
8080
9780
3658
7689
31324
7850
16709
13398
23434
19107
20778
28036
14533
25786
32199
30519
30925
31663
24236
5594
28423
22119
14221
23757
18843
23155
5445
6795
22348
29249
1163
635
12329
11157
17776
14231
2823
703
13714
20373
1611
19341
10576
11411
29847
26970
19001
26787
2435
17991
22399
2829
7672
18325
5587
29181
15578
9108
1129
13683
17260
9309
26399
9193
25065
2646
11217
32453
626
2961
6939
2902
10965
26525
29626
12390
13110
27613
18297
11937
16334
29828
26246
26970
1602
1620
17828
16093
14843
12264
3878
20338
23900
12777
27840
16425
866
17370
28438
24243
12105
4056
5965
28832
26521
27193
3713
27147
4988
27554
30034
23031
12700
11538
10360
21624
1419
25159
18630
1008
4939
23057
5232
20929
193
12875
18825
29658
20235
15935
8462
2810
9422
16877
4007
7765
8269
4015
12093
23230
18377
27629
11712
17514
2560
3486
27348
8743
28196
5076
30957
2624
5082
27723
12938
15224
3624
3581
194
18601
23986
15308
24904
28662
29476
19311
26568
5792
19988
7505
29002
30880
452
5213
1185
30145
19540
14631
26212
2161
21132
4081
17478
10124
29958
14337
20814
4066
12153
11617
762
18888
29807
24519
28307
19435
28709
1493
26013
26893
23861
29508
847
1724
21738
13628
4001
361
20798
28346
1097
29047
20456
21333
8112
10748
841
2589
25314
26622
29563
18770
4330
1373
18942
32548
22296
11927
32077
21538
26272
4138
12670
27437
29935
13985
2456
14707
32260
21710
12974
21930
32595
29038
13988
25575
4169
14287
3650
23282
22865
12848
13157
20322
16110
4104
3135
14699
23006
6890
23748
22626
10102
16967
23238
9216
28366
29552
29949
262
8951
32163
18813
17137
4717
17199
27999
26268
29311
27683
6453
22619
31493
13529
31952
4060
10990
24289
16409
20629
28727
10005
28475
17920
3619
13628
16686
879
15455
10123
14054
17787
3047
31812
6711
8087
8033
20605
14633
6036
15347
5422
20855
10081
3789
2274
10339
17090
28745
9592
23644
11534
21646
13364
14756
17400
20408
5886
32123
1338
32375
30347
26169
1620
8761
32077
6068
22187
3504
15029
18901
2323
11877
6055
27133
1699
14911
7102
5546
6029
27256
20879
14454
27611
10748
17229
25988
19279
6360
21664
2117
10323
22580
17933
15798
22405
6500
9596
31374
13310
20425
14236
5648
30023
28220
6945
30305
23364
15439
26827
1045
24548
16297
4699
17746
32145
332
3354
5832
27386
17812
28180
23256
10517
10096
27956
20262
22922
4480
21749
10701
1388
17057
2618
20141
3878
15261
29592
17238
24324
31483
27993
12843
6096
18663
30755
19675
10628
22440
3898
9741
25423
20712
29747
14216
21672
6529
24804
21912
28584
32505
7497
24792
10771
17197
11345
3585
300
23564
30660
24268
17836
24305
5036
15169
15051
5216
14481
30533
14295
585
6709
29177
22680
20573
10328
5347
8052
32279
17891
21218
26140
9514
32162
23097
19163
25296
3334
13084
31190
5563
31872
8216
20139
20715
15371
8011
22273
23586
5331
7322
3795
22703
3902
7168
32639
14926
29871
31550
10705
11404
25814
25275
13073
7952
15135
30730
28120
22192
6955
23086
18214
15682
11126
28017
28992
31045
15708
9360
16100
31105
3175
24931
6196
6352
21697
13774
1165
22552
24706
4758
16078
5573
19399
11468
15408
9416
10300
16212
21487
29097
24553
15884
14974
20511
28551
25965
2131
30775
29619
21477
21864
9844
27031
29761
6190
12274
20245
12552
22034
23328
17325
18702
11185
13223
29275
11469
30393
20292
26246
17405
22432
29482
500
28915
25554
22491
16481
13164
5827
16279
21189
25160
4676
11347
9679
5825
7563
24856
18213
29840
2509
15713
12148
32298
1214
2390
2590
18125
19834
16363
1683
18758
32132
2207
15437
18004
25192
24448
26323
15613
285
26444
18707
16353
27082
23409
9713
30275
7398
15561
11549
1330
28480
29744
23349
14126
3098
23211
29025
13371
10185
27950
13539
19403
13299
21238
11298
19341
14304
9261
10618
3730
24723
7946
24685
24466
30624
18857
7061
17417
19613
2567
16506
1297
16079
24617
30880
11052
11209
915
25516
21808
16622
29780
16385
31916
4576
24003
26381
22500
15232
30208
13258
31934
13796
1660
12089
31343
2802
19963
19925
12542
17937
15390
31296
17555
29159
32309
723
30436
14741
10516
30201
28560
18447
1680
29942
5511
31251
26628
10081
10812
2050
26847
32158
14033
16430
186
29623
24758
28854
31828
19222
10247
29129
14218
21956
14682
4048
8315
27845
24777
21071
18993
136
2061
11494
11936
26489
2776
24478
673
14446
14799
10021
13279
17082
11286
18376
3260
15245
12888
26337
17347
13094
2638
28163
31821
4877
14681
32185
23745
783
17788
31956
26516
10623
30644
10128
18600
8962
18694
10395
24788
7557
11579
8283
10959
1707
3012
12198
2650
23150
14201
23618
5927
112
25736
27008
5160
31698
5139
13668
25064
30609
25523
404
20021
25940
30863
3373
31207
16512
19481
23888
23298
19028
18119
28221
23377
20630
22530
2840
16731
22756
22802
17466
25476
15471
8702
29516
3853
24046
20421
14818
15981
30791
23203
1504
29367
15226
23213
20258
2623
16419
8458
14311
7863
12261
4800
594
30012
24118
2487
11823
24469
1193
11573
2745
8629
15112
24059
29197
821
910
643
6781
27943
26016
882
26698
15141
3339
16936
16785
29827
19488
2602
18022
10255
31814
15402
16853
22583
5862
5855
28260
30807
751
26661
11312
18235
13993
8751
1762
16600
19808
5033
23304
17819
6782
16678
21317
11459
30402
8335
14916
8939
14805
8861
13550
29587
319
1182
2986
10197
14980
1375
8108
24420
27164
4921
8349
26135
25807
5915
2507
25007
30690
4044
29050
31672
22389
15107
14551
24047
24635
27494
12492
15525
27899
2048
8720
14166
15567
6580
31837
146
28744
6822
6884
28435
16537
15589
20832
7797
3315
6469
29768
26225
8459
17274
104
16413
18195
19988
8335
18960
18918
20225
2305
20278
11216
19054
10536
27509
7875
13986
14585
12353
11074
29062
28675
4748
9098
5069
7608
392
28797
15836
4789
29869
28340
6282
22846
15868
32389
9854
29414
11948
18758
8684
16864
2682
108
7066
16390
14620
15285
22487
4941
25157
13194
25592
27941
21122
13757
16656
23272
12090
9204
15913
20403
10763
7166
30889
5127
18116
18959
6698
27456
4987
21850
30520
24689
2842
21858
5983
26042
29545
1519
25783
22677
22970
31536
15188
28289
2881
5737
6709
5915
29098
17575
1899
24888
4180
142
24989
15660
31105
6245
23954
24953
19129
2737
26241
11268
30812
24263
4980
6506
3076
21925
24478
17189
14616
2083
19336
11188
14391
23113
20490
8957
23659
4404
32289
11322
28209
30547
18160
5514
31279
5770
24264
12459
29317
14837
10688
6042
20693
12651
2726
29981
29708
14011
20549
21568
22369
17773
5309
22015
14138
25184
29995
18134
13829
9904
22961
1282
6320
27034
2844
30105
26788
18047
23741
3578
24381
4676
21467
23233
31696
29403
30904
17297
20672
23378
848
4058
27816
5065
16192
371
12240
1122
4738
28840
30975
23556
27462
21864
5106
5801
23233
28270
23023
32084
3977
51
9302
13816
10785
18084
23656
14163
30773
15170
8796
2574
14685
26752
19509
24713
6650
19030
15031
4987
14805
14553
14251
32476
1608
25588
5308
30649
19624
13930
1519
10716
986
28992
18831
29786
13148
30110
32151
32515
31766
13353
31719
11751
16624
30542
26621
23880
5886
9807
1175
29083
6134
5258
31565
4871
23761
1622
25528
20263
26675
7497
31054
5998
15393
30305
9919
8990
1691
9219
27433
17458
24182
27501
25194
15558
22738
1470
28020
28961
25069
4143
7097
20042
13946
18116
15594
17014
16980
2864
7427
15823
9283
11965
13532
16760
2170
6888
26290
19458
5377
7805
21366
4942
20149
27868
19180
7559
20060
13595
3739
20637
14558
25251
11567
