15163
14312
14616
11319
22795
12907
28549
12945
1900
15462
28418
29548
30964
30612
3842
10191
6888
7430
1156
9721
32634
27848
16825
27214
28410
15358
25065
20856
13556
6129
32335
10235
26411
21155
17063
30740
1932
11914
1453
27511
27433
17422
19616
3192
30088
6163
28860
19191
30051
26317
19950
10270
26609
1082
15600
32217
6034
18266
23440
20057
8934
26411
29835
30005
6606
30948
18774
25704
8695
11467
26198
23516
16297
23601
2496
2418
7796
3780
22495
3015
20744
32321
10833
16149
10636
13166
1876
12707
13532
9119
16913
6184
4947
17263
21732
32518
20707
24838
7350
20289
8526
26507
18937
2633
2530
12845
6685
20428
6680
18996
18142
9967
8359
16611
5996
28765
6227
13835
5029
31446
24148
11771
30495
12363
16078
17618
6010
24506
22223
21465
13441
14917
10141
25555
23583
13321
22117
4008
3435
9246
28128
17294
13923
17414
30190
27103
20602
4357
5673
18468
8403
16080
25108
28500
11904
13796
17515
30408
26127
22755
14336
31540
19561
24324
18689
14978
2091
8579
24484
26713
12679
11631
25362
28988
31394
32510
23081
26099
30014
23077
28891
29716
26087
11698
7613
26691
21006
29403
20886
5704
22875
5409
23991
27838
31213
18961
11232
14994
30755
24587
27942
16877
9688
21442
4142
14628
5710
18654
6551
18613
12545
26046
15453
15135
9476
5923
17433
1478
18279
23270
20235
12132
30075
7681
18214
7216
14397
19236
16934
28728
14641
35
28494
8270
5849
20607
12555
21207
16749
3369
11383
31608
31713
7463
12900
12843
25320
4847
5417
27241
30608
8864
27727
20543
10611
8653
10984
28079
24392
21504
4302
27434
8155
30340
1345
12316
17451
23156
26050
28549
2760
32655
9676
7121
20092
10409
7007
24157
8046
9879
408
16200
1762
18690
18216
30232
3934
5132
30247
3935
14391
1652
18283
21228
1098
23660
12156
15937
1520
18785
31002
13411
8022
24052
2414
20420
9238
6353
19162
25685
15882
14710
2402
18643
15905
5298
21378
13792
1561
1669
18976
26471
3395
15423
10838
25691
25727
301
6425
20798
14405
2556
26372
17228
30078
24920
5772
23329
28333
853
18155
29988
27716
12510
1415
9751
22240
13359
16405
18060
22505
17737
22880
15673
27300
4305
11554
30235
14213
11321
17143
24581
22582
13553
14547
6447
9951
29522
9465
29432
1535
24392
13907
24541
24385
17579
26830
28816
5963
30890
18757
2880
1942
31962
31647
28567
10068
31691
6160
27708
4487
525
160
6949
11549
31609
5850
27244
21985
6750
14205
31398
21947
15613
24172
15500
8631
25708
15400
32505
9281
21439
26095
9212
9927
10082
8869
18330
15211
3332
25423
14295
2934
708
8351
27026
8121
17188
30570
13768
31790
17597
11203
22948
157
25293
22699
2078
27437
28449
12842
31704
31662
28738
16060
9756
19880
25294
5100
17474
26313
14575
4166
31584
29285
10628
9301
29485
30243
13484
8552
30056
26661
25432
30900
12269
7108
15102
11122
27355
4962
11101
29273
23039
26207
22697
1251
28879
6645
29134
21436
23461
4727
6444
31675
10691
31444
15936
13958
28193
14470
31374
9095
16661
29595
6176
26836
25048
24739
2302
9305
15658
3715
10213
29044
19883
12966
14805
17465
25341
2197
23299
20063
2096
7944
18138
17790
22823
14110
6161
28883
28096
26756
13348
30398
12498
10822
27086
18628
10635
17015
22942
26964
20588
28789
24957
9723
5811
26722
25416
8080
17164
30018
22438
2730
20737
31626
21692
19393
28871
23454
8207
6532
26057
27913
21019
19118
850
12544
21421
14034
23508
5220
15257
545
23297
26272
9038
1329
4006
23910
22070
29309
25319
17158
19917
31323
8432
8273
13737
20074
17145
29235
16118
5114
31265
14993
23250
16143
13567
29320
4935
3553
31379
28625
15974
22535
21994
26995
6576
29221
31278
9021
17514
25261
13587
22190
18645
18337
21202
10780
22223
11906
11813
21385
27828
12671
28182
10355
21121
30726
18548
3317
8149
19269
12270
25708
25343
29645
1157
5596
21559
9721
22997
19028
20798
17332
29307
21129
20456
8724
2878
26195
3639
6170
10522
29953
6286
4634
28397
30097
11094
26404
21419
9490
16950
9748
30187
5468
14352
5763
19701
31406
20067
30873
25247
30153
3899
18875
19200
17092
9759
26732
7495
9301
14234
21956
5561
5355
17335
32102
25320
32131
29631
10057
5896
27898
29746
2854
3520
5834
21684
18206
458
4845
10805
6633
9220
8219
3414
19457
23628
8269
8341
1750
29396
27349
21655
31136
27006
26561
31796
7557
20487
28015
14823
26923
29957
3650
15399
9463
17964
20780
24596
12523
5261
8871
5171
279
3670
14475
15860
7932
16773
14301
11348
27065
954
28336
13159
3089
29321
30507
29084
7471
7457
10018
1502
11917
5076
25505
26904
16950
10575
19913
9904
12410
13138
1575
14195
7744
27166
17308
13285
12899
10256
12540
3681
2979
31132
24581
30630
30846
28837
19277
4857
753
25066
24077
1773
30399
23120
32631
16693
2904
18134
19973
3376
24489
12064
24182
23650
18378
6699
7874
17010
12985
4099
5059
16279
31559
28295
803
13256
5836
16394
16769
13019
4160
14630
16628
25303
28319
22414
25028
344
29364
14191
4890
15392
15316
9039
28179
4700
29527
9920
10987
32184
6815
5124
21604
15585
26455
10360
25053
23604
14164
21981
6392
18479
17110
4477
24399
11069
2442
32400
29625
20794
26451
8454
1815
6186
6611
16309
16352
2290
9592
11377
20098
13653
11378
8154
1144
24085
12865
21647
8011
9684
13590
4493
9250
15784
26219
30104
19482
3987
30137
32359
1368
28725
13728
22646
21861
1876
23175
27432
7953
11251
13698
26355
12103
30361
7853
24490
20919
24347
11031
4069
18194
16010
4067
32250
28048
26675
27792
2871
25827
2599
23698
8870
4433
32483
24711
126
4000
12609
8680
4912
27144
16034
31059
20712
18168
6565
15084
3530
9278
20081
25704
7942
11260
19039
29600
11247
803
10430
7218
6821
10322
23525
8060
14549
13388
18341
25072
22481
32694
8552
564
2520
29757
19907
7662
18934
13896
17263
25017
23495
25958
18588
9776
5806
7723
31325
3476
17820
4778
29996
16065
25484
28785
9186
19605
17653
8699
31715
7890
22587
14321
7267
5387
15572
12672
9020
20613
18538
8891
8487
380
17987
7727
8831
28343
929
1607
28692
29122
5526
24074
20903
17675
21363
29926
24985
26180
4509
19501
13137
30659
9662
10041
1819
21201
19989
7095
7929
26071
16150
12492
1090
18268
29160
7157
11126
6750
16562
23926
9436
4281
31657
23132
14530
24699
17648
8039
14551
18241
26683
29649
1506
10941
18392
4944
12904
9304
4674
6945
14063
19092
7378
6037
11996
19006
6721
26072
6828
890
8218
16168
3195
1496
14522
14360
26485
5483
6826
611
10598
6205
27895
30480
30446
735
17209
27300
23416
18607
10384
17495
26293
25921
8907
22810
4219
6392
7756
3576
21490
27921
31351
4111
31899
22687
7586
32290
31891
24691
18692
358
11216
20202
11600
17728
10229
26847
22058
18486
28988
3022
8637
2907
25252
24491
26445
1776
10995
24735
10338
20163
17901
24801
13209
3934
14927
14639
24044
10260
29522
21257
2485
19877
1436
10860
7423
32046
20782
19237
9971
19737
22399
30957
14979
32164
13674
11348
1069
2099
19445
22071
30640
3137
16143
5161
19821
7244
10720
24006
30712
27294
9153
18834
18794
28467
28405
21524
18893
3522
8024
6057
6146
27064
9539
21058
2011
16592
25467
16983
20318
7989
14156
6374
26938
21625
6280
6011
22615
26482
17494
29352
26800
9907
20288
4518
16914
28830
23337
20921
23574
15332
12213
22200
2000
12313
9028
16997
16613
13138
3242
23285
24487
21945
11084
21954
16519
17951
32714
2697
269
24559
19129
23741
19941
15231
31829
23470
6453
16764
4029
21476
31202
25260
8484
6709
26954
15298
2717
7532
8870
28182
3471
11532
32209
28762
28572
13252
13259
18657
1836
17230
13326
31855
11257
23169
20697
27678
11258
17043
17242
25171
23988
26485
17087
18198
5396
19309
8687
17776
4212
14139
6844
30772
16435
16124
31184
939
23031
27079
9074
24565
3199
23079
10977
6688
6167
154
25035
28559
9468
17425
21348
435
20629
30007
28719
14859
15877
6357
21396
29324
17085
20571
7313
2370
5870
27018
22860
3904
21873
10418
13456
15565
17087
5689
9933
15118
20717
28519
3223
10542
4152
24955
27845
31732
15798
19827
25331
8341
23837
8482
13522
24781
15304
12175
19890
4763
12846
19588
3554
28325
5770
22829
10909
4359
18230
30714
16455
27622
18596
18088
7033
13643
24726
12474
23494
20156
22905
31098
30612
26511
11177
22363
12059
24506
24258
10769
102
22054
9731
26073
25350
22572
3121
11177
21548
2872
3478
7599
5032
11752
16415
6180
8057
4102
4223
1286
19668
705
19253
15656
422
18735
18552
24149
25739
23273
4158
2369
30445
13379
5084
23706
12571
22079
6323
23812
13363
27244
19751
14713
27276
16618
22348
14875
29032
4445
943
5345
20621
13526
6095
17395
24051
17174
14447
7648
5103
14426
15721
2604
13869
21982
84
6578
1965
25073
18651
18285
7284
5044
15874
31931
19000
27305
26946
6945
16952
3326
7159
17233
6362
18465
9656
14739
22067
29962
20403
1411
31350
22340
9370
13069
29023
2138
8639
2600
13052
10914
19018
4449
28259
19198
8426
7449
26044
14869
31836
1320
11186
29853
27285
30823
15597
29887
1787
24340
20985
17254
12829
26992
115
24363
15234
6646
26839
10633
25534
18061
23245
1202
1545
6495
20832
7453
3168
8540
19857
17277
19044
19386
24381
1379
31682
16171
21561
22561
32009
24824
17922
15160
5610
5593
13486
23357
21081
21511
16915
1051
29785
31251
3887
11370
27007
29557
25515
23477
14406
30603
23342
11478
13636
21004
20395
4605
19664
8360
15187
19738
21144
10722
10666
29034
26940
18063
1086
12377
18435
14305
29520
27138
4741
23431
27306
31869
3963
18175
8883
8986
9040
12828
7399
28736
11669
283
3886
25448
2393
19176
19011
5962
13331
24617
26288
2749
19679
12365
27765
3002
26447
18317
15991
15533
10910
15806
24566
11527
14682
25390
30666
28248
15440
136
19293
68
3284
10415
14503
109
25420
23258
14176
26630
23379
10928
16677
570
9710
13516
31726
12768
25556
15371
30022
22796
26732
18204
16102
23850
16239
26762
23643
944
18330
19667
25455
1250
2831
10602
20986
1239
4432
9325
32747
18122
16096
31015
2312
13792
17558
31241
28227
277
6304
13719
29528
8945
28657
17104
3975
4024
3930
11044
18529
9475
23014
12785
5020
8853
10957
13633
13349
17340
32322
1994
10112
26277
5950
26374
12658
7955
18675
25935
18362
7117
7245
3496
758
27467
3695
959
25410
18798
21901
12240
27774
32500
14606
4237
11335
8741
12088
1794
6216
7948
30906
3100
14629
21217
24486
13414
12086
21436
5272
12491
22749
26826
15432
20421
25846
19486
8947
27325
30394
13045
28459
3409
24218
21179
7429
26068
31975
31258
22615
4229
19113
5114
21575
9821
24726
27708
3032
702
9485
7968
10905
10080
19913
20241
21630
31182
1281
12040
15423
8077
21785
25207
20431
12601
15403
19228
1717
5787
19350
21159
26182
31458
331
10272
23352
20560
15197
9573
18411
14094
4319
31842
14006
17474
10554
14975
17027
5899
2249
9268
17013
14109
9857
5337
2798
22963
791
20262
13198
24189
30324
6363
2569
21889
9841
21773
17681
27230
31575
2406
15051
7615
12567
5045
1123
22722
18490
7131
25493
27172
5993
964
31333
1497
13199
5079
21998
31382
4848
1461
4684
20430
20380
89
27751
8479
2805
26909
25528
17389
25659
9573
3772
4328
12813
4280
1826
7625
29163
14828
32366
26054
5744
12062
29199
11125
30406
18123
2966
15957
9777
30973
17550
13633
13998
26181
32438
24948
16587
1037
7234
24717
18486
8524
28005
26855
13363
10761
18087
15485
24665
12862
27402
15516
27753
3040
19917
2553
3536
19757
31767
26457
2718
20152
8625
29059
25642
10379
26151
23885
8282
29840
2207
24227
24192
11094
6714
11334
25239
11407
23310
5718
21335
1431
8413
13009
20523
23821
21551
14686
367
17543
14066
32151
2000
17935
1070
3954
7361
3336
17084
26047
1546
28910
8616
12875
1925
14273
25590
20020
24205
27646
22927
14189
21962
23307
29750
27519
8254
22694
9538
10444
27344
27954
14143
16323
27149
13721
5465
6389
23940
27692
7326
24589
9403
30188
24510
11225
28783
15214
25743
4257
23651
4807
8523
32092
15934
8173
5058
20321
32711
29243
32717
28259
32593
5498
26315
1108
1208
23504
7351
23674
15799
27700
19827
17426
27311
11928
23802
16891
24891
27340
24024
4531
364
1767
20560
752
17072
17843
20538
28329
9344
15678
23442
21047
6901
26530
12417
32462
8674
32167
6647
20307
10392
16861
19707
23690
27113
15136
1223
17272
1759
12371
23546
7763
2567
16926
21515
15791
27459
31331
19581
22765
17162
8002
3253
784
8391
17303
25414
30768
20274
25646
1940
25978
27043
5318
11075
26026
12690
26867
11325
30268
14768
4356
22554
5156
27711
10747
12767
10854
15975
2049
30973
8480
19426
24429
12062
28072
25779
63
27506
15202
28032
1994
32541
5947
1961
14620
3189
2834
21356
6820
23719
16869
13016
19758
19656
21178
14690
3569
21555
6423
30714
28029
7022
25321
12575
11732
2368
12246
24614
23594
4583
16445
19121
27163
29291
8372
31096
9971
19096
1967
21890
14070
8961
8252
4589
5398
30591
31696
12248
11468
22122
4477
4696
16994
6739
29804
16212
18559
32497
16684
27344
1210
12390
4654
31462
16840
11262
12502
9550
2763
26669
30129
27702
10787
14439
19259
23515
20496
19187
6838
19328
22564
20813
7405
32385
29691
15033
1722
30287
31070
16992
6856
20387
9169
1236
2820
19136
24059
18427
19469
13074
12908
24704
6235
24830
28540
2651
29373
17395
22013
17902
9909
11782
14092
21987
5197
22972
20840
474
7707
21814
3354
30388
5295
17502
23981
7815
4577
28327
20454
9248
17166
19875
32104
12310
20525
20065
12009
32216
27280
6147
19914
30327
29604
25300
32271
22909
8279
20876
10946
20302
16346
24548
20567
28850
11875
20875
22694
11431
23688
30127
20086
2059
28344
19784
20365
4204
18079
10684
9288
7771
21063
3208
12368
14692
24018
4837
30495
9235
10621
21961
1557
20595
17425
8205
4786
20332
17608
30876
31381
10171
5786
20705
10743
24828
14872
872
22077
14653
14303
20751
2207
7883
8685
18533
30610
30484
28015
26251
12804
17797
21647
23362
20438
6237
5284
29203
24901
30842
20601
29846
1112
15189
26338
19892
31109
67
21598
6544
22289
20912
7189
11242
28608
23231
1966
29778
25865
14716
4224
8559
2081
29365
1147
26418
120
19637
25545
17760
2159
19163
28254
26693
20034
1537
19358
13028
13092
28353
16736
20113
7896
7019
21253
29919
717
15352
3844
10260
1694
4015
31461
32345
15296
22957
20268
16889
25347
20930
17525
9760
19706
19276
28382
11739
15798
1607
5268
814
9562
21598
3731
22370
30531
1192
11020
13579
1188
4326
9777
18238
9834
29177
8032
29499
749
3342
19369
13009
5329
10268
13670
31529
31378
14549
32375
25074
29691
1436
15027
17996
18515
22518
30007
19965
9752
12915
20267
19370
12691
1561
10900
14455
24765
10724
10681
28476
8259
2371
31745
27577
12895
6644
17483
21570
25237
22838
25820
26167
25809
17559
24203
4897
3688
13545
4958
29996
20522
18415
23561
28277
12628
29139
18545
11477
25683
14114
29680
10743
19430
15493
2254
6563
22014
13295
15637
3388
29767
32266
11334
3121
24752
8866
15632
5831
26198
1671
21869
10372
9375
761
9
27087
16862
6136
1035
7894
14017
6638
19667
27669
9185
14175
8701
29142
6384
2587
19980
27193
17189
31972
26595
17707
25505
5450
32083
20514
9861
23471
1947
24497
30604
30941
11961
26686
28411
10524
4537
6426
2910
96
22654
22813
6767
8264
19026
13963
4901
30093
28658
21933
14644
10309
24113
26102
848
975
22700
25707
21350
423
4475
26272
31698
9766
19946
1518
25814
21344
9794
24919
23357
953
14805
21781
14766
28087
18979
5156
14191
25871
23060
17214
31309
684
27699
6429
24589
23846
4469
26713
14034
15758
5851
9829
27340
17037
15430
15800
19981
19254
29983
23559
16641
22240
16586
27738
26199
12254
28310
12801
27258
28904
16380
21664
30053
17175
29303
17898
21285
2937
16466
30966
6598
28444
3339
18932
32278
15962
23445
735
13522
31390
2650
26342
5458
24691
31124
31957
14836
2090
7955
26797
23944
29169
4357
22728
4160
4601
18985
30966
12858
1401
18234
1174
5891
19412
32039
32519
4687
32028
15906
18453
13688
7220
1417
19239
18002
17921
21536
14272
20840
1245
20255
32177
13151
6148
12891
4477
22911
26763
12097
16742
20160
14590
27921
16207
17842
7479
25746
29479
30060
27430
1602
7631
16981
1655
14867
26433
7977
8305
14511
31735
18596
5206
22117
22907
27103
4080
13357
5663
6821
29898
13121
5350
3657
1211
15005
2718
30602
19378
30711
10854
1048
29107
14650
17696
26102
15142
4123
17267
11888
30644
28309
9221
9254
6882
26186
7109
29880
31743
3030
11345
15824
29486
20839
28849
28769
592
2500
8746
13495
8886
3155
7508
25483
21340
18244
28552
24596
30806
2816
30182
1614
10818
6617
11982
28962
1119
30530
31214
20924
10373
15589
4562
10874
12579
161
20647
939
562
308
5524
14611
20267
27191
14453
13848
9935
15245
11140
12472
20523
22911
30452
4501
14475
25297
8911
583
12187
29428
26263
31550
11993
20316
2379
9451
30468
21381
25413
13204
10029
2829
4218
13330
22395
6845
7948
27386
10557
18929
20795
15601
12951
31658
24309
1329
27991
9561
22964
13609
19439
26470
118
31473
14551
18625
28242
17286
7231
9398
28046
15646
19333
17022
15110
425
31358
17648
13559
8898
26725
23954
12594
21377
21494
3160
29152
2410
21568
14599
31016
2131
15373
11826
10123
3615
28413
4647
17990
25028
20999
6534
26413
18893
27917
10603
1716
16589
9256
12469
23000
26026
8831
6528
8404
22004
22626
21746
53
29283
31905
1248
31433
21627
6875
17196
9787
32418
21944
16485
19231
28722
4321
18443
11823
24580
4924
32170
27447
31353
26062
32378
26088
16515
246
4255
31431
1508
28823
27740
23624
6227
28279
27482
32535
12588
26092
21189
21112
3934
17154
11656
28533
18310
10389
31496
1715
4735
20656
21976
30462
1566
18861
14712
10102
22113
22277
28960
11863
8187
8757
6545
24803
31078
8036
246
555
28507
18654
17571
